#Layer_Color=9474304
#
#Feature symbol names
#
$0 r5

#
#Feature attribute names
#

#
#Layer features
#
L 0.037095 1.1643458 0.048906 1.1643458 0 P 0
L 0.037095 1.2531569 0.048906 1.2531569 0 P 0
L 0.0430005 1.1584403 0.0430005 1.1702513 0 P 0
L 0.0430005 1.2472514 0.0430005 1.2590624 0 P 0
L 0.0903645 0.845 0.1021755 0.845 0 P 0
L 0.0944887 0.1574808 0.2204729 0.1574808 0 P 0
L 0.0944887 1.771654 0.2204729 1.771654 0 P 0
L 0.09627 0.8390945 0.09627 0.8509055 0 P 0
L 0.1203645 1.1651643 0.1321755 1.1651643 0 P 0
L 0.1203645 1.2531569 0.1321755 1.2531569 0 P 0
L 0.12627 1.1592588 0.12627 1.1710698 0 P 0
L 0.12627 1.2472514 0.12627 1.2590624 0 P 0
L 0.1318904 0.4013705 0.1830714 0.4013705 0 P 0
L 0.1318904 0.5513705 0.1830714 0.5513705 0 P 0
L 0.1515753 1.39 0.1633863 1.39 0 P 0
L 0.1574808 0.0944887 0.1574808 0.2204729 0 P 0
L 0.1574808 1.3840945 0.1574808 1.3959055 0 P 0
L 0.1574808 1.7086619 0.1574808 1.8346461 0 P 0
L 0.1574809 0.37578 0.1574809 0.426961 0 P 0
L 0.1574809 0.52578 0.1574809 0.576961 0 P 0
L 0.2039944 1.1651643 0.2158054 1.1651643 0 P 0
L 0.2039944 1.299 0.2158054 1.299 0 P 0
L 0.2098999 1.1592588 0.2098999 1.1710698 0 P 0
L 0.2098999 1.2930945 0.2098999 1.3049055 0 P 0
L 0.253095 1.0650005 0.264906 1.0650005 0 P 0
L 0.2590005 1.059095 0.2590005 1.070906 0 P 0
L 0.2670945 1.2596603 0.2789055 1.2596603 0 P 0
L 0.273 1.2537548 0.273 1.2655658 0 P 0
L 0.2893645 1.1643458 0.3011755 1.1643458 0 P 0
L 0.29527 1.1584403 0.29527 1.1702513 0 P 0
L 0.3146795 0.7486118 0.3264905 0.7486118 0 P 0
L 0.320585 0.7427063 0.320585 0.7545173 0 P 0
L 0.3511812 1.6929134 0.4023622 1.6929134 0 P 0
L 0.3659944 0.9572902 0.3778054 0.9572902 0 P 0
L 0.3659944 0.9966603 0.3778054 0.9966603 0 P 0
L 0.3659944 1.0364871 0.3778054 1.0364871 0 P 0
L 0.3718999 0.9513847 0.3718999 0.9631957 0 P 0
L 0.3718999 0.9907548 0.3718999 1.0025658 0 P 0
L 0.3718999 1.0305816 0.3718999 1.0423926 0 P 0
L 0.3767717 1.6673229 0.3767717 1.7185039 0 P 0
L 0.3856795 0.7434052 0.3974905 0.7434052 0 P 0
L 0.391585 0.7374997 0.391585 0.7493107 0 P 0
L 0.4053645 0.9572902 0.4171755 0.9572902 0 P 0
L 0.4053645 0.9966603 0.4171755 0.9966603 0 P 0
L 0.4053645 1.0364871 0.4171755 1.0364871 0 P 0
L 0.408095 0.205 0.419906 0.205 0 P 0
L 0.408095 0.5040005 0.419906 0.5040005 0 P 0
L 0.41127 0.9513847 0.41127 0.9631957 0 P 0
L 0.41127 0.9907548 0.41127 1.0025658 0 P 0
L 0.41127 1.0305816 0.41127 1.0423926 0 P 0
L 0.4140005 0.1990945 0.4140005 0.2109055 0 P 0
L 0.4140005 0.498095 0.4140005 0.509906 0 P 0
L 0.4447346 0.9572902 0.4565456 0.9572902 0 P 0
L 0.4447346 0.9966603 0.4565456 0.9966603 0 P 0
L 0.4447346 1.0364871 0.4565456 1.0364871 0 P 0
L 0.4506401 0.9513847 0.4506401 0.9631957 0 P 0
L 0.4506401 0.9907548 0.4506401 1.0025658 0 P 0
L 0.4506401 1.0305816 0.4506401 1.0423926 0 P 0
L 0.4560496 0.7434052 0.4678606 0.7434052 0 P 0
L 0.4619551 0.7374997 0.4619551 0.7493107 0 P 0
L 0.4860496 0.8260824 0.4978606 0.8260824 0 P 0
L 0.4919551 0.8201769 0.4919551 0.8319879 0 P 0
L 0.5011812 1.6929134 0.5523622 1.6929134 0 P 0
L 0.508095 0.205 0.519906 0.205 0 P 0
L 0.508095 0.505 0.519906 0.505 0 P 0
L 0.5103645 1.1651643 0.5221755 1.1651643 0 P 0
L 0.5140005 0.1990945 0.5140005 0.2109055 0 P 0
L 0.5140005 0.4990945 0.5140005 0.5109055 0 P 0
L 0.51627 1.1592588 0.51627 1.1710698 0 P 0
L 0.5267717 1.6673229 0.5267717 1.7185039 0 P 0
L 0.5404197 0.615 0.5522307 0.615 0 P 0
L 0.5404197 0.9374871 0.5522307 0.9374871 0 P 0
L 0.5404197 1.0163453 0.5522307 1.0163453 0 P 0
L 0.5463252 0.6090945 0.5463252 0.6209055 0 P 0
L 0.5463252 0.9315816 0.5463252 0.9433926 0 P 0
L 0.5463252 1.0104398 0.5463252 1.0222508 0 P 0
L 0.5669944 1.0680005 0.5788054 1.0680005 0 P 0
L 0.5728999 1.062095 0.5728999 1.073906 0 P 0
L 0.5790945 0.65 0.5909055 0.65 0 P 0
L 0.5819944 1.1643458 0.5938054 1.1643458 0 P 0
L 0.5819944 1.2556446 0.5938054 1.2556446 0 P 0
L 0.585 0.6440945 0.585 0.6559055 0 P 0
L 0.5878999 1.1584403 0.5878999 1.1702513 0 P 0
L 0.5878999 1.2497391 0.5878999 1.2615501 0 P 0
L 0.608095 0.205 0.619906 0.205 0 P 0
L 0.608095 0.505 0.619906 0.505 0 P 0
L 0.608095 0.82 0.619906 0.82 0 P 0
L 0.6140005 0.1990945 0.6140005 0.2109055 0 P 0
L 0.6140005 0.4990945 0.6140005 0.5109055 0 P 0
L 0.6140005 0.8140945 0.6140005 0.8259055 0 P 0
L 0.6511812 1.6929134 0.7023622 1.6929134 0 P 0
L 0.6520083 0.7020666 0.6638193 0.7020666 0 P 0
L 0.6579138 0.6961611 0.6579138 0.7079721 0 P 0
L 0.6639944 1.1643458 0.6758054 1.1643458 0 P 0
L 0.6639944 1.299 0.6758054 1.299 0 P 0
L 0.6698999 1.1584403 0.6698999 1.1702513 0 P 0
L 0.6698999 1.2930945 0.6698999 1.3049055 0 P 0
L 0.6740945 0.82 0.6859055 0.82 0 P 0
L 0.6767717 1.6673229 0.6767717 1.7185039 0 P 0
L 0.68 0.8140945 0.68 0.8259055 0 P 0
L 0.7039944 0.8663212 0.7158054 0.8663212 0 P 0
L 0.7039944 0.9374871 0.7158054 0.9374871 0 P 0
L 0.7098999 0.8604157 0.7098999 0.8722267 0 P 0
L 0.7098999 0.9315816 0.7098999 0.9433926 0 P 0
L 0.7240945 1.095 0.7359055 1.095 0 P 0
L 0.7240945 1.13 0.7359055 1.13 0 P 0
L 0.7240945 1.1642033 0.7359055 1.1642033 0 P 0
L 0.73 1.0890945 0.73 1.1009055 0 P 0
L 0.73 1.1240945 0.73 1.1359055 0 P 0
L 0.73 1.1582978 0.73 1.1701088 0 P 0
L 0.7780635 1.1643458 0.7898745 1.1643458 0 P 0
L 0.7780635 1.2556446 0.7898745 1.2556446 0 P 0
L 0.783969 1.1584403 0.783969 1.1702513 0 P 0
L 0.783969 1.2497391 0.783969 1.2615501 0 P 0
L 0.7930635 0.8884871 0.8048745 0.8884871 0 P 0
L 0.798969 0.8825816 0.798969 0.8943926 0 P 0
L 0.8011812 1.6929134 0.8523622 1.6929134 0 P 0
L 0.8267717 1.6673229 0.8267717 1.7185039 0 P 0
L 0.8530635 1.1643458 0.8648745 1.1643458 0 P 0
L 0.8530635 1.2534714 0.8648745 1.2534714 0 P 0
L 0.858969 1.1584403 0.858969 1.1702513 0 P 0
L 0.858969 1.2475659 0.858969 1.2593769 0 P 0
L 0.8863805 0.205 0.8981915 0.205 0 P 0
L 0.8863805 0.5040005 0.8981915 0.5040005 0 P 0
L 0.892286 0.1990945 0.892286 0.2109055 0 P 0
L 0.892286 0.498095 0.892286 0.509906 0 P 0
L 0.9363805 0.7020666 0.9481915 0.7020666 0 P 0
L 0.9385202 1.1643458 0.9503312 1.1643458 0 P 0
L 0.942286 0.6961611 0.942286 0.7079721 0 P 0
L 0.9444257 1.1584403 0.9444257 1.1702513 0 P 0
L 0.9863805 0.205 0.9981915 0.205 0 P 0
L 0.9863805 0.5040005 0.9981915 0.5040005 0 P 0
L 0.992286 0.1990945 0.992286 0.2109055 0 P 0
L 0.992286 0.498095 0.992286 0.509906 0 P 0
L 0.9980892 1.0680005 1.0099002 1.0680005 0 P 0
L 0.9980892 1.2596603 1.0099002 1.2596603 0 P 0
L 1.0007875 1.6929134 1.0519685 1.6929134 0 P 0
L 1.0039947 1.062095 1.0039947 1.073906 0 P 0
L 1.0039947 1.2537548 1.0039947 1.2655658 0 P 0
L 1.026378 1.6673229 1.026378 1.7185039 0 P 0
L 1.0280892 1.1642033 1.0399002 1.1642033 0 P 0
L 1.0339947 1.1582978 1.0339947 1.1701088 0 P 0
L 1.045664 0.7434052 1.057475 0.7434052 0 P 0
L 1.0515695 0.7374997 1.0515695 0.7493107 0 P 0
L 1.0863805 0.205 1.0981915 0.205 0 P 0
L 1.0863805 0.5040005 1.0981915 0.5040005 0 P 0
L 1.0863805 0.6733386 1.0981915 0.6733386 0 P 0
L 1.092286 0.1990945 1.092286 0.2109055 0 P 0
L 1.092286 0.498095 1.092286 0.509906 0 P 0
L 1.092286 0.6674331 1.092286 0.6792441 0 P 0
L 1.1047191 0.9572902 1.1165301 0.9572902 0 P 0
L 1.1047191 0.9966603 1.1165301 0.9966603 0 P 0
L 1.1047191 1.0360304 1.1165301 1.0360304 0 P 0
L 1.1106246 0.9513847 1.1106246 0.9631957 0 P 0
L 1.1106246 0.9907548 1.1106246 1.0025658 0 P 0
L 1.1106246 1.0301249 1.1106246 1.0419359 0 P 0
L 1.1190945 0.7434052 1.1309055 0.7434052 0 P 0
L 1.125 0.7374997 1.125 0.7493107 0 P 0
L 1.1440892 0.9572902 1.1559002 0.9572902 0 P 0
L 1.1440892 0.9966603 1.1559002 0.9966603 0 P 0
L 1.1440892 1.0360304 1.1559002 1.0360304 0 P 0
L 1.1499947 0.9513847 1.1499947 0.9631957 0 P 0
L 1.1499947 0.9907548 1.1499947 1.0025658 0 P 0
L 1.1499947 1.0301249 1.1499947 1.0419359 0 P 0
L 1.1507875 1.6929134 1.2019685 1.6929134 0 P 0
L 1.1637743 0.6733386 1.1755853 0.6733386 0 P 0
L 1.1696798 0.6674331 1.1696798 0.6792441 0 P 0
L 1.176378 1.6673229 1.176378 1.7185039 0 P 0
L 1.1834593 0.9966603 1.1952703 0.9966603 0 P 0
L 1.1834593 1.0364871 1.1952703 1.0364871 0 P 0
L 1.1842388 0.9572902 1.1960498 0.9572902 0 P 0
L 1.1893648 0.9907548 1.1893648 1.0025658 0 P 0
L 1.1893648 1.0305816 1.1893648 1.0423926 0 P 0
L 1.1901443 0.9513847 1.1901443 0.9631957 0 P 0
L 1.1947743 0.7434052 1.2065853 0.7434052 0 P 0
L 1.2006798 0.7374997 1.2006798 0.7493107 0 P 0
L 1.2247743 0.8260824 1.2365853 0.8260824 0 P 0
L 1.2306798 0.8201769 1.2306798 0.8319879 0 P 0
L 1.2341444 0.6733386 1.2459554 0.6733386 0 P 0
L 1.2400499 0.6674331 1.2400499 0.6792441 0 P 0
L 1.2490892 1.1621722 1.2609002 1.1621722 0 P 0
L 1.2549947 1.1562667 1.2549947 1.1680777 0 P 0
L 1.2641444 0.7434052 1.2759554 0.7434052 0 P 0
L 1.2700499 0.7374997 1.2700499 0.7493107 0 P 0
L 1.2791444 1.0163453 1.2909554 1.0163453 0 P 0
L 1.2836803 0.9501485 1.2954913 0.9501485 0 P 0
L 1.2850499 1.0104398 1.2850499 1.0222508 0 P 0
L 1.2895858 0.944243 1.2895858 0.956054 0 P 0
L 1.300095 1.0780005 1.311906 1.0780005 0 P 0
L 1.3007875 1.6929134 1.3519685 1.6929134 0 P 0
L 1.3060005 1.072095 1.3060005 1.083906 0 P 0
L 1.3207191 1.1621722 1.3325301 1.1621722 0 P 0
L 1.3207191 1.2556446 1.3325301 1.2556446 0 P 0
L 1.326378 1.6673229 1.326378 1.7185039 0 P 0
L 1.3266246 1.1562667 1.3266246 1.1680777 0 P 0
L 1.3266246 1.2497391 1.3266246 1.2615501 0 P 0
L 1.3470577 0.7430122 1.3588687 0.7430122 0 P 0
L 1.3529632 0.7371067 1.3529632 0.7489177 0 P 0
L 1.3620577 0.8663212 1.3738687 0.8663212 0 P 0
L 1.3679632 0.8604157 1.3679632 0.8722267 0 P 0
L 1.375315 0.31 1.414685 0.31 0 P 0
L 1.375315 0.5462205 1.414685 0.5462205 0 P 0
L 1.390971 0.8156692 1.402782 0.8156692 0 P 0
L 1.395 0.290315 1.395 0.329685 0 P 0
L 1.395 0.5265355 1.395 0.5659055 0 P 0
L 1.3968765 0.8097637 1.3968765 0.8215747 0 P 0
L 1.4033963 1.1643458 1.4152073 1.1643458 0 P 0
L 1.4093018 1.1584403 1.4093018 1.1702513 0 P 0
L 1.4507875 1.6929134 1.5019685 1.6929134 0 P 0
L 1.4590945 0.8663212 1.4709055 0.8663212 0 P 0
L 1.4590945 0.9224871 1.4709055 0.9224871 0 P 0
L 1.4590945 0.9572902 1.4709055 0.9572902 0 P 0
L 1.4590945 1.1385784 1.4709055 1.1385784 0 P 0
L 1.465 0.8604157 1.465 0.8722267 0 P 0
L 1.465 0.9165816 1.465 0.9283926 0 P 0
L 1.465 0.9513847 1.465 0.9631957 0 P 0
L 1.465 1.1326729 1.465 1.1444839 0 P 0
L 1.476378 1.6673229 1.476378 1.7185039 0 P 0
L 1.5030945 1.1642033 1.5149055 1.1642033 0 P 0
L 1.5030945 1.2556446 1.5149055 1.2556446 0 P 0
L 1.509 1.1582978 1.509 1.1701088 0 P 0
L 1.509 1.2497391 1.509 1.2615501 0 P 0
L 1.5180945 0.8884871 1.5299055 0.8884871 0 P 0
L 1.524 0.8825816 1.524 0.8943926 0 P 0
L 1.5603544 0.4281102 1.5997244 0.4281102 0 P 0
L 1.5780945 1.1642033 1.5899055 1.1642033 0 P 0
L 1.5780945 1.2536135 1.5899055 1.2536135 0 P 0
L 1.5800394 0.4084252 1.5800394 0.4477952 0 P 0
L 1.584 1.1582978 1.584 1.1701088 0 P 0
L 1.584 1.247708 1.584 1.259519 0 P 0
L 1.6503938 1.6929134 1.7015748 1.6929134 0 P 0
L 1.6635512 1.1642033 1.6753622 1.1642033 0 P 0
L 1.6694567 1.1582978 1.6694567 1.1701088 0 P 0
L 1.6759843 1.6673229 1.6759843 1.7185039 0 P 0
L 1.7259454 1.0680005 1.7377564 1.0680005 0 P 0
L 1.7259454 1.2556446 1.7377564 1.2556446 0 P 0
L 1.7318509 1.062095 1.7318509 1.073906 0 P 0
L 1.7318509 1.2497391 1.7318509 1.2615501 0 P 0
L 1.7409454 0.7430122 1.7527564 0.7430122 0 P 0
L 1.7468509 0.7371067 1.7468509 0.7489177 0 P 0
L 1.7522604 0.213378 1.7640714 0.213378 0 P 0
L 1.7522604 0.505 1.7640714 0.505 0 P 0
L 1.7559454 1.1642033 1.7677564 1.1642033 0 P 0
L 1.7581659 0.2074725 1.7581659 0.2192835 0 P 0
L 1.7581659 0.4990945 1.7581659 0.5109055 0 P 0
L 1.7618509 1.1582978 1.7618509 1.1701088 0 P 0
L 1.8003938 1.6929134 1.8515748 1.6929134 0 P 0
L 1.8202603 0.7430122 1.8320713 0.7430122 0 P 0
L 1.8259843 1.6673229 1.8259843 1.7185039 0 P 0
L 1.8261658 0.7371067 1.8261658 0.7489177 0 P 0
L 1.8325753 0.9572902 1.8443863 0.9572902 0 P 0
L 1.8325753 0.9966603 1.8443863 0.9966603 0 P 0
L 1.8325753 1.0360304 1.8443863 1.0360304 0 P 0
L 1.8384808 0.9513847 1.8384808 0.9631957 0 P 0
L 1.8384808 0.9907548 1.8384808 1.0025658 0 P 0
L 1.8384808 1.0301249 1.8384808 1.0419359 0 P 0
L 1.8522604 0.213378 1.8640714 0.213378 0 P 0
L 1.8522604 0.505 1.8640714 0.505 0 P 0
L 1.8581659 0.2074725 1.8581659 0.2192835 0 P 0
L 1.8581659 0.4990945 1.8581659 0.5109055 0 P 0
L 1.8719454 0.9572902 1.8837564 0.9572902 0 P 0
L 1.8719454 0.9966603 1.8837564 0.9966603 0 P 0
L 1.8719454 1.0360304 1.8837564 1.0360304 0 P 0
L 1.8778509 0.9513847 1.8778509 0.9631957 0 P 0
L 1.8778509 0.9907548 1.8778509 1.0025658 0 P 0
L 1.8778509 1.0301249 1.8778509 1.0419359 0 P 0
L 1.9040945 0.7430122 1.9159055 0.7430122 0 P 0
L 1.91 0.7371067 1.91 0.7489177 0 P 0
L 1.9113155 0.9572902 1.9231265 0.9572902 0 P 0
L 1.9113155 0.9966603 1.9231265 0.9966603 0 P 0
L 1.9113155 1.0360304 1.9231265 1.0360304 0 P 0
L 1.917221 0.9513847 1.917221 0.9631957 0 P 0
L 1.917221 0.9907548 1.917221 1.0025658 0 P 0
L 1.917221 1.0301249 1.917221 1.0419359 0 P 0
L 1.9503938 1.6929134 2.0015748 1.6929134 0 P 0
L 1.9522604 0.213378 1.9640714 0.213378 0 P 0
L 1.9522604 0.5048115 1.9640714 0.5048115 0 P 0
L 1.9526305 0.8260824 1.9644415 0.8260824 0 P 0
L 1.9581659 0.2074725 1.9581659 0.2192835 0 P 0
L 1.9581659 0.498906 1.9581659 0.510717 0 P 0
L 1.958536 0.8201769 1.958536 0.8319879 0 P 0
L 1.9759843 1.6673229 1.9759843 1.7185039 0 P 0
L 1.9769454 1.1642033 1.9887564 1.1642033 0 P 0
L 1.9828509 1.1582978 1.9828509 1.1701088 0 P 0
L 2.0086669 0.9127172 2.0204779 0.9127172 0 P 0
L 2.0119454 1.0163453 2.0237564 1.0163453 0 P 0
L 2.0145724 0.9068117 2.0145724 0.9186227 0 P 0
L 2.0178509 1.0104398 2.0178509 1.0222508 0 P 0
L 2.0249139 1.0723235 2.0367249 1.0723235 0 P 0
L 2.0308194 1.066418 2.0308194 1.078229 0 P 0
L 2.0485753 1.1642033 2.0603863 1.1642033 0 P 0
L 2.0485753 1.2556446 2.0603863 1.2556446 0 P 0
L 2.0544808 1.1582978 2.0544808 1.1701088 0 P 0
L 2.0544808 1.2497391 2.0544808 1.2615501 0 P 0
L 2.0610006 0.8260824 2.0728116 0.8260824 0 P 0
L 2.0669061 0.8201769 2.0669061 0.8319879 0 P 0
L 2.0898549 0.8687124 2.1016659 0.8687124 0 P 0
L 2.0957604 0.8628069 2.0957604 0.8746179 0 P 0
L 2.0990945 0.34 2.1109055 0.34 0 P 0
L 2.0990945 0.375 2.1109055 0.375 0 P 0
L 2.0990945 0.4268333 2.1109055 0.4268333 0 P 0
L 2.0990945 0.458843 2.1109055 0.458843 0 P 0
L 2.0990945 0.4910635 2.1109055 0.4910635 0 P 0
L 2.1003938 1.6929134 2.1515748 1.6929134 0 P 0
L 2.105 0.3340945 2.105 0.3459055 0 P 0
L 2.105 0.3690945 2.105 0.3809055 0 P 0
L 2.105 0.4209278 2.105 0.4327388 0 P 0
L 2.105 0.4529375 2.105 0.4647485 0 P 0
L 2.105 0.485158 2.105 0.496969 0 P 0
L 2.1259843 1.6673229 2.1259843 1.7185039 0 P 0
L 2.1305753 1.1642033 2.1423863 1.1642033 0 P 0
L 2.1311935 0.4270005 2.1430045 0.4270005 0 P 0
L 2.1311935 0.4910635 2.1430045 0.4910635 0 P 0
L 2.1312525 0.458843 2.1430635 0.458843 0 P 0
L 2.1312525 1.2974057 2.1430635 1.2974057 0 P 0
L 2.1340945 0.34 2.1459055 0.34 0 P 0
L 2.1340945 0.375 2.1459055 0.375 0 P 0
L 2.1340945 0.7847438 2.1459055 0.7847438 0 P 0
L 2.1364808 1.1582978 2.1364808 1.1701088 0 P 0
L 2.137099 0.421095 2.137099 0.432906 0 P 0
L 2.137099 0.485158 2.137099 0.496969 0 P 0
L 2.137158 0.4529375 2.137158 0.4647485 0 P 0
L 2.137158 1.2915002 2.137158 1.3033112 0 P 0
L 2.14 0.3340945 2.14 0.3459055 0 P 0
L 2.14 0.3690945 2.14 0.3809055 0 P 0
L 2.14 0.7788383 2.14 0.7906493 0 P 0
L 2.1640945 1.1642033 2.1759055 1.1642033 0 P 0
L 2.17 1.1582978 2.17 1.1701088 0 P 0
L 2.1735202 0.3230005 2.1853312 0.3230005 0 P 0
L 2.1735202 0.8687124 2.1853312 0.8687124 0 P 0
L 2.1794257 0.317095 2.1794257 0.328906 0 P 0
L 2.1794257 0.8628069 2.1794257 0.8746179 0 P 0
L 2.1809134 0.0684961 2.2045354 0.0684961 0 P 0
L 2.1809134 0.2326693 2.2045354 0.2326693 0 P 0
L 2.1927244 0.0566851 2.1927244 0.0803071 0 P 0
L 2.1927244 0.2208583 2.1927244 0.2444803 0 P 0
L 2.1940945 0.91 2.2059055 0.91 0 P 0
L 2.2 0.9040945 2.2 0.9159055 0 P 0
L 2.200101 0.4368333 2.211912 0.4368333 0 P 0
L 2.200101 0.475 2.211912 0.475 0 P 0
L 2.2040945 0.56 2.2159055 0.56 0 P 0
L 2.2040945 0.63 2.2159055 0.63 0 P 0
L 2.2060065 0.4309278 2.2060065 0.4427388 0 P 0
L 2.2060065 0.4690945 2.2060065 0.4809055 0 P 0
L 2.21 0.5540945 2.21 0.5659055 0 P 0
L 2.21 0.6240945 2.21 0.6359055 0 P 0
L 2.2311102 0.2938425 2.2429212 0.2938425 0 P 0
L 2.2370157 0.287937 2.2370157 0.299748 0 P 0
L 2.2374095 0.213378 2.2610315 0.213378 0 P 0
L 2.2492205 0.201567 2.2492205 0.225189 0 P 0
L 2.2549213 1.37 2.2950787 1.37 0 P 0
L 2.2549213 1.47 2.2950787 1.47 0 P 0
L 2.2549213 1.57 2.2950787 1.57 0 P 0
L 2.2561974 0.56 2.2680084 0.56 0 P 0
L 2.2561974 0.63 2.2680084 0.63 0 P 0
L 2.2621029 0.5540945 2.2621029 0.5659055 0 P 0
L 2.2621029 0.6240945 2.2621029 0.6359055 0 P 0
L 2.275 1.3499213 2.275 1.3900787 0 P 0
L 2.275 1.4499213 2.275 1.4900787 0 P 0
L 2.275 1.5499213 2.275 1.5900787 0 P 0
L 2.2992126 1.771654 2.4251968 1.771654 0 P 0
L 2.3090945 0.56 2.3209055 0.56 0 P 0
L 2.3090945 0.63 2.3209055 0.63 0 P 0
L 2.3105322 0.8464377 2.3223432 0.8464377 0 P 0
L 2.315 0.5540945 2.315 0.5659055 0 P 0
L 2.315 0.6240945 2.315 0.6359055 0 P 0
L 2.3164377 0.8405322 2.3164377 0.8523432 0 P 0
L 2.3549213 1.37 2.3950787 1.37 0 P 0
L 2.3549213 1.47 2.3950787 1.47 0 P 0
L 2.3549213 1.57 2.3950787 1.57 0 P 0
L 2.3622047 1.7086619 2.3622047 1.8346461 0 P 0
L 2.3640945 0.08 2.3759055 0.08 0 P 0
L 2.37 0.0740945 2.37 0.0859055 0 P 0
L 2.375 1.3499213 2.375 1.3900787 0 P 0
L 2.375 1.4499213 2.375 1.4900787 0 P 0
L 2.375 1.5499213 2.375 1.5900787 0 P 0
L 2.3761974 0.375 2.3880084 0.375 0 P 0
L 2.3790945 0.77 2.3909055 0.77 0 P 0
L 2.3821029 0.3690945 2.3821029 0.3809055 0 P 0
L 2.385 0.7640945 2.385 0.7759055 0 P 0
L 2.3940945 0.445 2.4059055 0.445 0 P 0
L 2.3940945 0.485 2.4059055 0.485 0 P 0
L 2.4 0.4390945 2.4 0.4509055 0 P 0
L 2.4 0.4790945 2.4 0.4909055 0 P 0
L 2.4281969 1.0950855 2.4400079 1.0950855 0 P 0
L 2.4341024 1.08918 2.4341024 1.100991 0 P 0
L 2.4431969 0.63 2.4550079 0.63 0 P 0
L 2.4491024 0.6240945 2.4491024 0.6359055 0 P 0
L 2.464124 0.375 2.475935 0.375 0 P 0
L 2.4649685 0.213378 2.4885905 0.213378 0 P 0
L 2.4700295 0.3690945 2.4700295 0.3809055 0 P 0
L 2.4706346 0.89 2.4824456 0.89 0 P 0
L 2.4716346 1.2706446 2.4834456 1.2706446 0 P 0
L 2.4765401 0.8840945 2.4765401 0.8959055 0 P 0
L 2.4767795 0.201567 2.4767795 0.225189 0 P 0
L 2.4775401 1.2647391 2.4775401 1.2765501 0 P 0
L 2.4843354 1.37 2.5244928 1.37 0 P 0
L 2.4843354 1.47 2.5244928 1.47 0 P 0
L 2.4843354 1.57 2.5244928 1.57 0 P 0
L 2.5040945 0.295 2.5159055 0.295 0 P 0
L 2.5044141 1.3499213 2.5044141 1.3900787 0 P 0
L 2.5044141 1.4499213 2.5044141 1.4900787 0 P 0
L 2.5044141 1.5499213 2.5044141 1.5900787 0 P 0
L 2.51 0.2890945 2.51 0.3009055 0 P 0
L 2.5214646 0.0684961 2.5450866 0.0684961 0 P 0
L 2.5214646 0.2326693 2.5450866 0.2326693 0 P 0
L 2.5332756 0.0566851 2.5332756 0.0803071 0 P 0
L 2.5332756 0.2208583 2.5332756 0.2444803 0 P 0
L 2.5634063 0.4910635 2.5752173 0.4910635 0 P 0
L 2.5690945 0.825 2.5809055 0.825 0 P 0
L 2.5693118 0.485158 2.5693118 0.496969 0 P 0
L 2.575 0.8190945 2.575 0.8309055 0 P 0
L 2.5780913 0.9224871 2.5899023 0.9224871 0 P 0
L 2.5780913 0.9887014 2.5899023 0.9887014 0 P 0
L 2.5839968 0.9165816 2.5839968 0.9283926 0 P 0
L 2.5839968 0.9827959 2.5839968 0.9946069 0 P 0
L 2.5843354 1.37 2.6244928 1.37 0 P 0
L 2.5843354 1.47 2.6244928 1.47 0 P 0
L 2.5843354 1.57 2.6244928 1.57 0 P 0
L 2.5990945 0.28 2.6109055 0.28 0 P 0
L 2.6044141 1.3499213 2.6044141 1.3900787 0 P 0
L 2.6044141 1.4499213 2.6044141 1.4900787 0 P 0
L 2.6044141 1.5499213 2.6044141 1.5900787 0 P 0
L 2.605 0.2740945 2.605 0.2859055 0 P 0
L 2.6135086 0.9224871 2.6253196 0.9224871 0 P 0
L 2.6135086 0.9887014 2.6253196 0.9887014 0 P 0
L 2.6194141 0.9165816 2.6194141 0.9283926 0 P 0
L 2.6194141 0.9827959 2.6194141 0.9946069 0 P 0
L 2.651094 0.9224871 2.662905 0.9224871 0 P 0
L 2.651094 0.9887014 2.662905 0.9887014 0 P 0
L 2.6569995 0.9165816 2.6569995 0.9283926 0 P 0
L 2.6569995 0.9827959 2.6569995 0.9946069 0 P 0
L 2.6640084 0.1500005 2.7899926 0.1500005 0 P 0
L 2.7270005 0.0870084 2.7270005 0.2129926 0 P 0
L 2.7349213 1.76 2.7750787 1.76 0 P 0
L 2.7349213 1.86 2.7750787 1.86 0 P 0
L 2.755 1.7399213 2.755 1.7800787 0 P 0
L 2.755 1.8399213 2.755 1.8800787 0 P 0
L 2.7590945 1.3235433 2.7709055 1.3235433 0 P 0
L 2.7640945 0.66 2.7759055 0.66 0 P 0
L 2.765 1.3176378 2.765 1.3294488 0 P 0
L 2.77 0.6540945 2.77 0.6659055 0 P 0
L 2.7904614 0.6076383 2.8022724 0.6076383 0 P 0
L 2.7963669 0.6017328 2.7963669 0.6135438 0 P 0
L 2.8040945 0.9127172 2.8159055 0.9127172 0 P 0
L 2.8040945 0.9887014 2.8159055 0.9887014 0 P 0
L 2.8040945 1.0623235 2.8159055 1.0623235 0 P 0
L 2.81 0.9068117 2.81 0.9186227 0 P 0
L 2.81 0.9827959 2.81 0.9946069 0 P 0
L 2.81 1.056418 2.81 1.068229 0 P 0
L 2.8349213 1.76 2.8750787 1.76 0 P 0
L 2.8349213 1.86 2.8750787 1.86 0 P 0
L 2.8540945 0.235 2.8659055 0.235 0 P 0
L 2.8540945 1.29 2.8659055 1.29 0 P 0
L 2.855 1.7399213 2.855 1.7800787 0 P 0
L 2.855 1.8399213 2.855 1.8800787 0 P 0
L 2.86 0.2290945 2.86 0.2409055 0 P 0
L 2.86 1.2840945 2.86 1.2959055 0 P 0
L 2.8840945 0.9867723 2.8959055 0.9867723 0 P 0
L 2.8840945 1.06 2.8959055 1.06 0 P 0
L 2.8869882 0.8464377 2.8987992 0.8464377 0 P 0
L 2.89 0.9808668 2.89 0.9926778 0 P 0
L 2.89 1.0540945 2.89 1.0659055 0 P 0
L 2.8928937 0.8405322 2.8928937 0.8523432 0 P 0
L 2.8990904 0.9427172 2.9109014 0.9427172 0 P 0
L 2.8990945 0.0865753 2.9109055 0.0865753 0 P 0
L 2.9049959 0.9368117 2.9049959 0.9486227 0 P 0
L 2.905 0.0806698 2.905 0.0924808 0 P 0
L 2.9349213 1.76 2.9750787 1.76 0 P 0
L 2.9349213 1.86 2.9750787 1.86 0 P 0
L 2.955 1.7399213 2.955 1.7800787 0 P 0
L 2.955 1.8399213 2.955 1.8800787 0 P 0
L 2.955918 0.885 2.967729 0.885 0 P 0
L 2.955918 0.9867723 2.967729 0.9867723 0 P 0
L 2.9618235 0.8790945 2.9618235 0.8909055 0 P 0
L 2.9618235 0.9808668 2.9618235 0.9926778 0 P 0
L 2.9740945 0.15 2.9859055 0.15 0 P 0
L 2.98 0.1440945 2.98 0.1559055 0 P 0
L 2.9840945 1.67 2.9959055 1.67 0 P 0
L 2.9859139 1.615 2.9977249 1.615 0 P 0
L 2.99 1.6640945 2.99 1.6759055 0 P 0
L 2.9918194 1.6090945 2.9918194 1.6209055 0 P 0
L 3.0359139 0.2560635 3.0477249 0.2560635 0 P 0
L 3.0359139 1.2673975 3.0477249 1.2673975 0 P 0
L 3.0418194 0.250158 3.0418194 0.261969 0 P 0
L 3.0418194 1.261492 3.0418194 1.273303 0 P 0
L 3.0859138 1.47 3.0977248 1.47 0 P 0
L 3.0859139 0.1831806 3.0977249 0.1831806 0 P 0
L 3.0918193 1.4640945 3.0918193 1.4759055 0 P 0
L 3.0918194 0.1772751 3.0918194 0.1890861 0 P 0
L 3.1140945 1.54 3.1259055 1.54 0 P 0
L 3.12 1.5340945 3.12 1.5459055 0 P 0
L 3.1240945 0.955 3.1359055 0.955 0 P 0
L 3.13 0.9490945 3.13 0.9609055 0 P 0
L 3.1359139 0.14 3.1477249 0.14 0 P 0
L 3.1359139 0.575 3.1477249 0.575 0 P 0
L 3.1418194 0.1340945 3.1418194 0.1459055 0 P 0
L 3.1418194 0.5690945 3.1418194 0.5809055 0 P 0
L 3.1699213 1.76 3.2100787 1.76 0 P 0
L 3.1699213 1.86 3.2100787 1.86 0 P 0
L 3.1740945 1.58 3.1859055 1.58 0 P 0
L 3.18 1.5740945 3.18 1.5859055 0 P 0
L 3.1859139 0.1831806 3.1977249 0.1831806 0 P 0
L 3.1859139 0.5176776 3.1977249 0.5176776 0 P 0
L 3.19 1.7399213 3.19 1.7800787 0 P 0
L 3.19 1.8399213 3.19 1.8800787 0 P 0
L 3.1918194 0.1772751 3.1918194 0.1890861 0 P 0
L 3.1918194 0.5117721 3.1918194 0.5235831 0 P 0
L 3.2240945 0.885 3.2359055 0.885 0 P 0
L 3.23 0.8790945 3.23 0.8909055 0 P 0
L 3.2367013 0.2560635 3.2485123 0.2560635 0 P 0
L 3.2374887 0.4350005 3.2492997 0.4350005 0 P 0
L 3.2374887 0.4901186 3.2492997 0.4901186 0 P 0
L 3.2374887 0.5452367 3.2492997 0.5452367 0 P 0
L 3.2374887 0.6060635 3.2492997 0.6060635 0 P 0
L 3.2374887 0.695 3.2492997 0.695 0 P 0
L 3.2426068 0.250158 3.2426068 0.261969 0 P 0
L 3.2433942 0.429095 3.2433942 0.440906 0 P 0
L 3.2433942 0.4842131 3.2433942 0.4960241 0 P 0
L 3.2433942 0.5393312 3.2433942 0.5511422 0 P 0
L 3.2433942 0.600158 3.2433942 0.611969 0 P 0
L 3.2433942 0.6890945 3.2433942 0.7009055 0 P 0
L 3.2440945 1.47 3.2559055 1.47 0 P 0
L 3.25 1.4640945 3.25 1.4759055 0 P 0
L 3.2699213 1.76 3.3100787 1.76 0 P 0
L 3.2699213 1.86 3.3100787 1.86 0 P 0
L 3.2768588 0.3956304 3.2886698 0.3956304 0 P 0
L 3.2768588 0.5846068 3.2886698 0.5846068 0 P 0
L 3.2827643 0.3897249 3.2827643 0.4015359 0 P 0
L 3.2827643 0.5787013 3.2827643 0.5905123 0 P 0
L 3.2859139 1.13 3.2977249 1.13 0 P 0
L 3.29 1.7399213 3.29 1.7800787 0 P 0
L 3.29 1.8399213 3.29 1.8800787 0 P 0
L 3.2918194 1.1240945 3.2918194 1.1359055 0 P 0
L 3.3044178 0.4625595 3.3162288 0.4625595 0 P 0
L 3.3044178 0.5176777 3.3162288 0.5176777 0 P 0
L 3.3090945 1.5 3.3209055 1.5 0 P 0
L 3.3103233 0.456654 3.3103233 0.468465 0 P 0
L 3.3103233 0.5117722 3.3103233 0.5235832 0 P 0
L 3.3140945 0.19 3.3259055 0.19 0 P 0
L 3.315 1.4940945 3.315 1.5059055 0 P 0
L 3.32 0.1840945 3.32 0.1959055 0 P 0
L 3.3305187 0.5852427 3.3423297 0.5852427 0 P 0
L 3.3319769 0.3956304 3.3437879 0.3956304 0 P 0
L 3.3364242 0.5793372 3.3364242 0.5911482 0 P 0
L 3.3378824 0.3897249 3.3378824 0.4015359 0 P 0
L 3.3490945 0.8464377 3.3609055 0.8464377 0 P 0
L 3.3490945 1.4480786 3.3609055 1.4480786 0 P 0
L 3.355 0.8405322 3.355 0.8523432 0 P 0
L 3.355 1.4421731 3.355 1.4539841 0 P 0
L 3.3590945 0.665 3.3709055 0.665 0 P 0
L 3.359536 0.4625595 3.371347 0.4625595 0 P 0
L 3.359536 0.5176777 3.371347 0.5176777 0 P 0
L 3.365 0.6590945 3.365 0.6709055 0 P 0
L 3.3654415 0.456654 3.3654415 0.468465 0 P 0
L 3.3654415 0.5117722 3.3654415 0.5235832 0 P 0
L 3.3699213 1.76 3.4100787 1.76 0 P 0
L 3.3699213 1.86 3.4100787 1.86 0 P 0
L 3.3859139 0.3060635 3.3977249 0.3060635 0 P 0
L 3.3859139 0.5846068 3.3977249 0.5846068 0 P 0
L 3.3859139 1.5831806 3.3977249 1.5831806 0 P 0
L 3.387095 0.3956304 3.398906 0.3956304 0 P 0
L 3.39 1.7399213 3.39 1.7800787 0 P 0
L 3.39 1.8399213 3.39 1.8800787 0 P 0
L 3.3918194 0.300158 3.3918194 0.311969 0 P 0
L 3.3918194 0.5787013 3.3918194 0.5905123 0 P 0
L 3.3918194 1.5772751 3.3918194 1.5890861 0 P 0
L 3.3930005 0.3897249 3.3930005 0.4015359 0 P 0
L 3.4140945 1.0109843 3.4259055 1.0109843 0 P 0
L 3.42 1.0050788 3.42 1.0168898 0 P 0
L 3.4264651 0.4350005 3.4382761 0.4350005 0 P 0
L 3.4264651 0.4901186 3.4382761 0.4901186 0 P 0
L 3.4264651 0.5452367 3.4382761 0.5452367 0 P 0
L 3.4323706 0.429095 3.4323706 0.440906 0 P 0
L 3.4323706 0.4842131 3.4323706 0.4960241 0 P 0
L 3.4323706 0.5393312 3.4323706 0.5511422 0 P 0
L 3.4539139 0.63 3.4657249 0.63 0 P 0
L 3.4556735 1.0947596 3.4674845 1.0947596 0 P 0
L 3.4598194 0.6240945 3.4598194 0.6359055 0 P 0
L 3.461579 1.0888541 3.461579 1.1006651 0 P 0
L 3.4740945 1.3535433 3.4859055 1.3535433 0 P 0
L 3.48 1.3476378 3.48 1.3594488 0 P 0
L 3.4859139 0.21 3.4977249 0.21 0 P 0
L 3.4918194 0.2040945 3.4918194 0.2159055 0 P 0
L 3.4939139 0.9329921 3.5057249 0.9329921 0 P 0
L 3.4939139 1.06 3.5057249 1.06 0 P 0
L 3.4998194 0.9270866 3.4998194 0.9388976 0 P 0
L 3.4998194 1.0540945 3.4998194 1.0659055 0 P 0
L 3.5240945 0.7060635 3.5359055 0.7060635 0 P 0
L 3.5261811 1.72 3.5379921 1.72 0 P 0
L 3.5261811 1.87 3.5379921 1.87 0 P 0
L 3.53 0.700158 3.53 0.711969 0 P 0
L 3.5320866 1.7140945 3.5320866 1.7259055 0 P 0
L 3.5320866 1.8640945 3.5320866 1.8759055 0 P 0
L 3.5440945 1.6 3.5559055 1.6 0 P 0
L 3.55 1.5940945 3.55 1.6059055 0 P 0
L 3.5590945 0.3956304 3.5709055 0.3956304 0 P 0
L 3.565 0.3897249 3.565 0.4015359 0 P 0
L 3.5859139 0.9329921 3.5977249 0.9329921 0 P 0
L 3.5859139 1.06 3.5977249 1.06 0 P 0
L 3.5918194 0.9270866 3.5918194 0.9388976 0 P 0
L 3.5918194 1.0540945 3.5918194 1.0659055 0 P 0
L 3.6097722 1.6493223 3.6215832 1.6493223 0 P 0
L 3.6156777 1.6434168 3.6156777 1.6552278 0 P 0
L 3.6190945 0.24 3.6309055 0.24 0 P 0
L 3.625 0.2340945 3.625 0.2459055 0 P 0
L 3.6790945 0.9679921 3.6909055 0.9679921 0 P 0
L 3.6790945 1.095 3.6909055 1.095 0 P 0
L 3.685 0.9620866 3.685 0.9738976 0 P 0
L 3.685 1.0890945 3.685 1.1009055 0 P 0
L 3.7070084 1.7670005 3.8329926 1.7670005 0 P 0
L 3.755346 1.1685433 3.798653 1.1685433 0 P 0
L 3.755346 1.2685433 3.798653 1.2685433 0 P 0
L 3.755346 1.3685433 3.798653 1.3685433 0 P 0
L 3.755346 1.4685433 3.798653 1.4685433 0 P 0
L 3.755346 1.5685433 3.798653 1.5685433 0 P 0
L 3.7700005 1.7040084 3.7700005 1.8299926 0 P 0
L 3.771094 0.9679921 3.782905 0.9679921 0 P 0
L 3.771094 1.095 3.782905 1.095 0 P 0
L 3.7769995 0.9620866 3.7769995 0.9738976 0 P 0
L 3.7769995 1.0890945 3.7769995 1.1009055 0 P 0
L 3.7769995 1.1468898 3.7769995 1.1901968 0 P 0
L 3.7769995 1.2468898 3.7769995 1.2901968 0 P 0
L 3.7769995 1.3468898 3.7769995 1.3901968 0 P 0
L 3.7769995 1.4468898 3.7769995 1.4901968 0 P 0
L 3.7769995 1.5468898 3.7769995 1.5901968 0 P 0
