#Layer_Color=9474304
#
#Feature symbol names
#
$0 r5
$1 r6.6666
$2 r4

#
#Feature attribute names
#

#
#Layer features
#
A 2.287 1.37 2.287 1.37 2.275 1.37 2 P 0 N
A 2.287 1.47 2.287 1.47 2.275 1.47 2 P 0 N
A 2.287 1.57 2.287 1.57 2.275 1.57 2 P 0 N
A 2.295 1.37 2.295 1.37 2.275 1.37 1 P 0 N
A 2.295 1.47 2.295 1.47 2.275 1.47 1 P 0 N
A 2.295 1.57 2.295 1.57 2.275 1.57 1 P 0 N
A 2.387 1.37 2.387 1.37 2.375 1.37 2 P 0 N
A 2.387 1.47 2.387 1.47 2.375 1.47 2 P 0 N
A 2.387 1.57 2.387 1.57 2.375 1.57 2 P 0 N
A 2.395 1.37 2.395 1.37 2.375 1.37 1 P 0 N
A 2.395 1.47 2.395 1.47 2.375 1.47 1 P 0 N
A 2.395 1.57 2.395 1.57 2.375 1.57 1 P 0 N
A 2.5164141 1.37 2.5164141 1.37 2.5044141 1.37 2 P 0 N
A 2.5164141 1.47 2.5164141 1.47 2.5044141 1.47 2 P 0 N
A 2.5164141 1.57 2.5164141 1.57 2.5044141 1.57 2 P 0 N
A 2.5244141 1.37 2.5244141 1.37 2.5044141 1.37 1 P 0 N
A 2.5244141 1.47 2.5244141 1.47 2.5044141 1.47 1 P 0 N
A 2.5244141 1.57 2.5244141 1.57 2.5044141 1.57 1 P 0 N
A 2.6164141 1.37 2.6164141 1.37 2.6044141 1.37 2 P 0 N
A 2.6164141 1.47 2.6164141 1.47 2.6044141 1.47 2 P 0 N
A 2.6164141 1.57 2.6164141 1.57 2.6044141 1.57 2 P 0 N
A 2.6244141 1.37 2.6244141 1.37 2.6044141 1.37 1 P 0 N
A 2.6244141 1.47 2.6244141 1.47 2.6044141 1.47 1 P 0 N
A 2.6244141 1.57 2.6244141 1.57 2.6044141 1.57 1 P 0 N
A 2.767 1.76 2.767 1.76 2.755 1.76 2 P 0 N
A 2.767 1.86 2.767 1.86 2.755 1.86 2 P 0 N
A 2.775 1.76 2.775 1.76 2.755 1.76 1 P 0 N
A 2.775 1.86 2.775 1.86 2.755 1.86 1 P 0 N
A 2.867 1.76 2.867 1.76 2.855 1.76 2 P 0 N
A 2.867 1.86 2.867 1.86 2.855 1.86 2 P 0 N
A 2.875 1.76 2.875 1.76 2.855 1.76 1 P 0 N
A 2.875 1.86 2.875 1.86 2.855 1.86 1 P 0 N
A 2.967 1.76 2.967 1.76 2.955 1.76 2 P 0 N
A 2.967 1.86 2.967 1.86 2.955 1.86 2 P 0 N
A 2.975 1.76 2.975 1.76 2.955 1.76 1 P 0 N
A 2.975 1.86 2.975 1.86 2.955 1.86 1 P 0 N
A 3.202 1.76 3.202 1.76 3.19 1.76 2 P 0 N
A 3.202 1.86 3.202 1.86 3.19 1.86 2 P 0 N
A 3.21 1.76 3.21 1.76 3.19 1.76 1 P 0 N
A 3.21 1.86 3.21 1.86 3.19 1.86 1 P 0 N
A 3.302 1.76 3.302 1.76 3.29 1.76 2 P 0 N
A 3.302 1.86 3.302 1.86 3.29 1.86 2 P 0 N
A 3.31 1.76 3.31 1.76 3.29 1.76 1 P 0 N
A 3.31 1.86 3.31 1.86 3.29 1.86 1 P 0 N
A 3.402 1.76 3.402 1.76 3.39 1.76 2 P 0 N
A 3.402 1.86 3.402 1.86 3.39 1.86 2 P 0 N
A 3.41 1.76 3.41 1.76 3.39 1.76 1 P 0 N
A 3.41 1.86 3.41 1.86 3.39 1.86 1 P 0 N
L 0.0230005 1.1443458 0.0230005 1.1843458 0 P 0
L 0.0230005 1.1443458 0.0630005 1.1443458 0 P 0
L 0.0230005 1.1843458 0.0630005 1.1843458 0 P 0
L 0.0230005 1.2331569 0.0230005 1.2731569 0 P 0
L 0.0230005 1.2331569 0.0630005 1.2331569 0 P 0
L 0.0230005 1.2731569 0.0630005 1.2731569 0 P 0
L 0.0630005 1.1443458 0.0630005 1.1843458 0 P 0
L 0.0630005 1.2331569 0.0630005 1.2731569 0 P 0
L 0.07627 0.825 0.07627 0.865 0 P 0
L 0.07627 0.825 0.11627 0.825 0 P 0
L 0.07627 0.865 0.11627 0.865 0 P 0
L 0.10627 1.1451643 0.10627 1.1851643 0 P 0
L 0.10627 1.1451643 0.14627 1.1451643 0 P 0
L 0.10627 1.1851643 0.14627 1.1851643 0 P 0
L 0.10627 1.2331569 0.10627 1.2731569 0 P 0
L 0.10627 1.2331569 0.14627 1.2331569 0 P 0
L 0.10627 1.2731569 0.14627 1.2731569 0 P 0
L 0.11627 0.825 0.11627 0.865 0 P 0
L 0.1374808 0.1474808 0.1474808 0.1474808 0 P 0
L 0.1374808 0.1474808 0.1474808 0.1574808 0 P 0
L 0.1374808 0.1674808 0.1474808 0.1574808 0 P 0
L 0.1374808 0.1674808 0.1474808 0.1674808 0 P 0
L 0.1374808 1.37 0.1374808 1.41 0 P 0
L 0.1374808 1.37 0.1774808 1.37 0 P 0
L 0.1374808 1.41 0.1774808 1.41 0 P 0
L 0.1374808 1.761654 0.1474808 1.761654 0 P 0
L 0.1374808 1.761654 0.1474808 1.771654 0 P 0
L 0.1374808 1.781654 0.1474808 1.771654 0 P 0
L 0.1374808 1.781654 0.1474808 1.781654 0 P 0
L 0.1374809 0.3813705 0.1374809 0.3913705 0 P 0
L 0.1374809 0.3813705 0.1474809 0.3813705 0 P 0
L 0.1374809 0.3913705 0.1474809 0.4013705 0 P 0
L 0.1374809 0.4113705 0.1374809 0.4213705 0 P 0
L 0.1374809 0.4113705 0.1474809 0.4013705 0 P 0
L 0.1374809 0.4213705 0.1474809 0.4213705 0 P 0
L 0.1374809 0.5313705 0.1374809 0.5413705 0 P 0
L 0.1374809 0.5313705 0.1474809 0.5313705 0 P 0
L 0.1374809 0.5413705 0.1474809 0.5513705 0 P 0
L 0.1374809 0.5613705 0.1374809 0.5713705 0 P 0
L 0.1374809 0.5613705 0.1474809 0.5513705 0 P 0
L 0.1374809 0.5713705 0.1474809 0.5713705 0 P 0
L 0.1454808 0.1514808 0.1514808 0.1514808 0 P 0
L 0.1454808 0.1514808 0.1514808 0.1574808 0 P 0
L 0.1454808 0.1634808 0.1514808 0.1574808 0 P 0
L 0.1454808 0.1634808 0.1514808 0.1634808 0 P 0
L 0.1454808 1.765654 0.1514808 1.765654 0 P 0
L 0.1454808 1.765654 0.1514808 1.771654 0 P 0
L 0.1454808 1.777654 0.1514808 1.771654 0 P 0
L 0.1454808 1.777654 0.1514808 1.777654 0 P 0
L 0.14627 1.1451643 0.14627 1.1851643 0 P 0
L 0.14627 1.2331569 0.14627 1.2731569 0 P 0
L 0.1474808 0.1474808 0.1574808 0.1374808 0 P 0
L 0.1474808 0.1674808 0.1574808 0.1774808 0 P 0
L 0.1474808 1.761654 0.1574808 1.751654 0 P 0
L 0.1474808 1.781654 0.1574808 1.791654 0 P 0
L 0.1474809 0.3813705 0.1574809 0.3913705 0 P 0
L 0.1474809 0.4213705 0.1574809 0.4113705 0 P 0
L 0.1474809 0.5313705 0.1574809 0.5413705 0 P 0
L 0.1474809 0.5713705 0.1574809 0.5613705 0 P 0
L 0.1514808 0.1514808 0.1574808 0.1454808 0 P 0
L 0.1514808 0.1634808 0.1574808 0.1694808 0 P 0
L 0.1514808 1.765654 0.1574808 1.759654 0 P 0
L 0.1514808 1.777654 0.1574808 1.783654 0 P 0
L 0.1574808 0.1374808 0.1674808 0.1474808 0 P 0
L 0.1574808 0.1454808 0.1634808 0.1514808 0 P 0
L 0.1574808 0.1694808 0.1634808 0.1634808 0 P 0
L 0.1574808 0.1774808 0.1674808 0.1674808 0 P 0
L 0.1574808 1.751654 0.1674808 1.761654 0 P 0
L 0.1574808 1.759654 0.1634808 1.765654 0 P 0
L 0.1574808 1.783654 0.1634808 1.777654 0 P 0
L 0.1574808 1.791654 0.1674808 1.781654 0 P 0
L 0.1574809 0.3913705 0.1674809 0.3813705 0 P 0
L 0.1574809 0.4113705 0.1674809 0.4213705 0 P 0
L 0.1574809 0.5413705 0.1674809 0.5313705 0 P 0
L 0.1574809 0.5613705 0.1674809 0.5713705 0 P 0
L 0.1634808 0.1514808 0.1694808 0.1514808 0 P 0
L 0.1634808 0.1574808 0.1694808 0.1514808 0 P 0
L 0.1634808 0.1574808 0.1694808 0.1634808 0 P 0
L 0.1634808 0.1634808 0.1694808 0.1634808 0 P 0
L 0.1634808 1.765654 0.1694808 1.765654 0 P 0
L 0.1634808 1.771654 0.1694808 1.765654 0 P 0
L 0.1634808 1.771654 0.1694808 1.777654 0 P 0
L 0.1634808 1.777654 0.1694808 1.777654 0 P 0
L 0.1674808 0.1474808 0.1774808 0.1474808 0 P 0
L 0.1674808 0.1574808 0.1774808 0.1474808 0 P 0
L 0.1674808 0.1574808 0.1774808 0.1674808 0 P 0
L 0.1674808 0.1674808 0.1774808 0.1674808 0 P 0
L 0.1674808 1.761654 0.1774808 1.761654 0 P 0
L 0.1674808 1.771654 0.1774808 1.761654 0 P 0
L 0.1674808 1.771654 0.1774808 1.781654 0 P 0
L 0.1674808 1.781654 0.1774808 1.781654 0 P 0
L 0.1674809 0.3813705 0.1774809 0.3813705 0 P 0
L 0.1674809 0.4013705 0.1774809 0.3913705 0 P 0
L 0.1674809 0.4013705 0.1774809 0.4113705 0 P 0
L 0.1674809 0.4213705 0.1774809 0.4213705 0 P 0
L 0.1674809 0.5313705 0.1774809 0.5313705 0 P 0
L 0.1674809 0.5513705 0.1774809 0.5413705 0 P 0
L 0.1674809 0.5513705 0.1774809 0.5613705 0 P 0
L 0.1674809 0.5713705 0.1774809 0.5713705 0 P 0
L 0.1774808 1.37 0.1774808 1.41 0 P 0
L 0.1774809 0.3813705 0.1774809 0.3913705 0 P 0
L 0.1774809 0.4113705 0.1774809 0.4213705 0 P 0
L 0.1774809 0.5313705 0.1774809 0.5413705 0 P 0
L 0.1774809 0.5613705 0.1774809 0.5713705 0 P 0
L 0.1898999 1.1451643 0.1898999 1.1851643 0 P 0
L 0.1898999 1.1451643 0.2298999 1.1451643 0 P 0
L 0.1898999 1.1851643 0.2298999 1.1851643 0 P 0
L 0.1898999 1.279 0.1898999 1.319 0 P 0
L 0.1898999 1.279 0.2298999 1.279 0 P 0
L 0.1898999 1.319 0.2298999 1.319 0 P 0
L 0.2298999 1.1451643 0.2298999 1.1851643 0 P 0
L 0.2298999 1.279 0.2298999 1.319 0 P 0
L 0.2390005 1.0450005 0.2390005 1.0850005 0 P 0
L 0.2390005 1.0450005 0.2790005 1.0450005 0 P 0
L 0.2390005 1.0850005 0.2790005 1.0850005 0 P 0
L 0.253 1.2396603 0.253 1.2796603 0 P 0
L 0.253 1.2396603 0.293 1.2396603 0 P 0
L 0.253 1.2796603 0.293 1.2796603 0 P 0
L 0.27527 1.1443458 0.27527 1.1843458 0 P 0
L 0.27527 1.1443458 0.31527 1.1443458 0 P 0
L 0.27527 1.1843458 0.31527 1.1843458 0 P 0
L 0.2790005 1.0450005 0.2790005 1.0850005 0 P 0
L 0.293 1.2396603 0.293 1.2796603 0 P 0
L 0.300585 0.7286118 0.300585 0.7686118 0 P 0
L 0.300585 0.7286118 0.340585 0.7286118 0 P 0
L 0.300585 0.7686118 0.340585 0.7686118 0 P 0
L 0.31527 1.1443458 0.31527 1.1843458 0 P 0
L 0.340585 0.7286118 0.340585 0.7686118 0 P 0
L 0.3518999 0.9372902 0.3518999 0.9772902 0 P 0
L 0.3518999 0.9372902 0.3918999 0.9372902 0 P 0
L 0.3518999 0.9766603 0.3518999 1.0166603 0 P 0
L 0.3518999 0.9766603 0.3918999 0.9766603 0 P 0
L 0.3518999 0.9772902 0.3918999 0.9772902 0 P 0
L 0.3518999 1.0164871 0.3518999 1.0564871 0 P 0
L 0.3518999 1.0164871 0.3918999 1.0164871 0 P 0
L 0.3518999 1.0166603 0.3918999 1.0166603 0 P 0
L 0.3518999 1.0564871 0.3918999 1.0564871 0 P 0
L 0.3567717 1.6729134 0.3567717 1.6829134 0 P 0
L 0.3567717 1.6729134 0.3667717 1.6729134 0 P 0
L 0.3567717 1.6829134 0.3667717 1.6929134 0 P 0
L 0.3567717 1.7029134 0.3567717 1.7129134 0 P 0
L 0.3567717 1.7029134 0.3667717 1.6929134 0 P 0
L 0.3567717 1.7129134 0.3667717 1.7129134 0 P 0
L 0.3667717 1.6729134 0.3767717 1.6829134 0 P 0
L 0.3667717 1.7129134 0.3767717 1.7029134 0 P 0
L 0.371585 0.7234052 0.371585 0.7634052 0 P 0
L 0.371585 0.7234052 0.411585 0.7234052 0 P 0
L 0.371585 0.7634052 0.411585 0.7634052 0 P 0
L 0.3767717 1.6829134 0.3867717 1.6729134 0 P 0
L 0.3767717 1.7029134 0.3867717 1.7129134 0 P 0
L 0.3867717 1.6729134 0.3967717 1.6729134 0 P 0
L 0.3867717 1.6929134 0.3967717 1.6829134 0 P 0
L 0.3867717 1.6929134 0.3967717 1.7029134 0 P 0
L 0.3867717 1.7129134 0.3967717 1.7129134 0 P 0
L 0.39127 0.9372902 0.39127 0.9772902 0 P 0
L 0.39127 0.9372902 0.43127 0.9372902 0 P 0
L 0.39127 0.9766603 0.39127 1.0166603 0 P 0
L 0.39127 0.9766603 0.43127 0.9766603 0 P 0
L 0.39127 0.9772902 0.43127 0.9772902 0 P 0
L 0.39127 1.0164871 0.39127 1.0564871 0 P 0
L 0.39127 1.0164871 0.43127 1.0164871 0 P 0
L 0.39127 1.0166603 0.43127 1.0166603 0 P 0
L 0.39127 1.0564871 0.43127 1.0564871 0 P 0
L 0.3918999 0.9372902 0.3918999 0.9772902 0 P 0
L 0.3918999 0.9766603 0.3918999 1.0166603 0 P 0
L 0.3918999 1.0164871 0.3918999 1.0564871 0 P 0
L 0.3940005 0.185 0.3940005 0.225 0 P 0
L 0.3940005 0.185 0.4340005 0.185 0 P 0
L 0.3940005 0.225 0.4340005 0.225 0 P 0
L 0.3940005 0.4840005 0.3940005 0.5240005 0 P 0
L 0.3940005 0.4840005 0.4340005 0.4840005 0 P 0
L 0.3940005 0.5240005 0.4340005 0.5240005 0 P 0
L 0.3967717 1.6729134 0.3967717 1.6829134 0 P 0
L 0.3967717 1.7029134 0.3967717 1.7129134 0 P 0
L 0.411585 0.7234052 0.411585 0.7634052 0 P 0
L 0.4306401 0.9372902 0.4306401 0.9772902 0 P 0
L 0.4306401 0.9372902 0.4706401 0.9372902 0 P 0
L 0.4306401 0.9766603 0.4306401 1.0166603 0 P 0
L 0.4306401 0.9766603 0.4706401 0.9766603 0 P 0
L 0.4306401 0.9772902 0.4706401 0.9772902 0 P 0
L 0.4306401 1.0164871 0.4306401 1.0564871 0 P 0
L 0.4306401 1.0164871 0.4706401 1.0164871 0 P 0
L 0.4306401 1.0166603 0.4706401 1.0166603 0 P 0
L 0.4306401 1.0564871 0.4706401 1.0564871 0 P 0
L 0.43127 0.9372902 0.43127 0.9772902 0 P 0
L 0.43127 0.9766603 0.43127 1.0166603 0 P 0
L 0.43127 1.0164871 0.43127 1.0564871 0 P 0
L 0.4340005 0.185 0.4340005 0.225 0 P 0
L 0.4340005 0.4840005 0.4340005 0.5240005 0 P 0
L 0.4419551 0.7234052 0.4419551 0.7634052 0 P 0
L 0.4419551 0.7234052 0.4819551 0.7234052 0 P 0
L 0.4419551 0.7634052 0.4819551 0.7634052 0 P 0
L 0.4706401 0.9372902 0.4706401 0.9772902 0 P 0
L 0.4706401 0.9766603 0.4706401 1.0166603 0 P 0
L 0.4706401 1.0164871 0.4706401 1.0564871 0 P 0
L 0.4719551 0.8060824 0.4719551 0.8460824 0 P 0
L 0.4719551 0.8060824 0.5119551 0.8060824 0 P 0
L 0.4719551 0.8460824 0.5119551 0.8460824 0 P 0
L 0.4819551 0.7234052 0.4819551 0.7634052 0 P 0
L 0.4940005 0.185 0.4940005 0.225 0 P 0
L 0.4940005 0.185 0.5340005 0.185 0 P 0
L 0.4940005 0.225 0.5340005 0.225 0 P 0
L 0.4940005 0.485 0.4940005 0.525 0 P 0
L 0.4940005 0.485 0.5340005 0.485 0 P 0
L 0.4940005 0.525 0.5340005 0.525 0 P 0
L 0.49627 1.1451643 0.49627 1.1851643 0 P 0
L 0.49627 1.1451643 0.53627 1.1451643 0 P 0
L 0.49627 1.1851643 0.53627 1.1851643 0 P 0
L 0.5067717 1.6729134 0.5067717 1.6829134 0 P 0
L 0.5067717 1.6729134 0.5167717 1.6729134 0 P 0
L 0.5067717 1.6829134 0.5167717 1.6929134 0 P 0
L 0.5067717 1.7029134 0.5067717 1.7129134 0 P 0
L 0.5067717 1.7029134 0.5167717 1.6929134 0 P 0
L 0.5067717 1.7129134 0.5167717 1.7129134 0 P 0
L 0.5119551 0.8060824 0.5119551 0.8460824 0 P 0
L 0.5167717 1.6729134 0.5267717 1.6829134 0 P 0
L 0.5167717 1.7129134 0.5267717 1.7029134 0 P 0
L 0.5263252 0.595 0.5263252 0.635 0 P 0
L 0.5263252 0.595 0.5663252 0.595 0 P 0
L 0.5263252 0.635 0.5663252 0.635 0 P 0
L 0.5263252 0.9174871 0.5263252 0.9574871 0 P 0
L 0.5263252 0.9174871 0.5663252 0.9174871 0 P 0
L 0.5263252 0.9574871 0.5663252 0.9574871 0 P 0
L 0.5263252 0.9963453 0.5263252 1.0363453 0 P 0
L 0.5263252 0.9963453 0.5663252 0.9963453 0 P 0
L 0.5263252 1.0363453 0.5663252 1.0363453 0 P 0
L 0.5267717 1.6829134 0.5367717 1.6729134 0 P 0
L 0.5267717 1.7029134 0.5367717 1.7129134 0 P 0
L 0.5340005 0.185 0.5340005 0.225 0 P 0
L 0.5340005 0.485 0.5340005 0.525 0 P 0
L 0.53627 1.1451643 0.53627 1.1851643 0 P 0
L 0.5367717 1.6729134 0.5467717 1.6729134 0 P 0
L 0.5367717 1.6929134 0.5467717 1.6829134 0 P 0
L 0.5367717 1.6929134 0.5467717 1.7029134 0 P 0
L 0.5367717 1.7129134 0.5467717 1.7129134 0 P 0
L 0.5467717 1.6729134 0.5467717 1.6829134 0 P 0
L 0.5467717 1.7029134 0.5467717 1.7129134 0 P 0
L 0.5528999 1.0480005 0.5528999 1.0880005 0 P 0
L 0.5528999 1.0480005 0.5928999 1.0480005 0 P 0
L 0.5528999 1.0880005 0.5928999 1.0880005 0 P 0
L 0.565 0.63 0.565 0.67 0 P 0
L 0.565 0.63 0.605 0.63 0 P 0
L 0.565 0.67 0.605 0.67 0 P 0
L 0.5663252 0.595 0.5663252 0.635 0 P 0
L 0.5663252 0.9174871 0.5663252 0.9574871 0 P 0
L 0.5663252 0.9963453 0.5663252 1.0363453 0 P 0
L 0.5678999 1.1443458 0.5678999 1.1843458 0 P 0
L 0.5678999 1.1443458 0.6078999 1.1443458 0 P 0
L 0.5678999 1.1843458 0.6078999 1.1843458 0 P 0
L 0.5678999 1.2356446 0.5678999 1.2756446 0 P 0
L 0.5678999 1.2356446 0.6078999 1.2356446 0 P 0
L 0.5678999 1.2756446 0.6078999 1.2756446 0 P 0
L 0.5928999 1.0480005 0.5928999 1.0880005 0 P 0
L 0.5940005 0.185 0.5940005 0.225 0 P 0
L 0.5940005 0.185 0.6340005 0.185 0 P 0
L 0.5940005 0.225 0.6340005 0.225 0 P 0
L 0.5940005 0.485 0.5940005 0.525 0 P 0
L 0.5940005 0.485 0.6340005 0.485 0 P 0
L 0.5940005 0.525 0.6340005 0.525 0 P 0
L 0.5940005 0.8 0.5940005 0.84 0 P 0
L 0.5940005 0.8 0.6340005 0.8 0 P 0
L 0.5940005 0.84 0.6340005 0.84 0 P 0
L 0.605 0.63 0.605 0.67 0 P 0
L 0.6078999 1.1443458 0.6078999 1.1843458 0 P 0
L 0.6078999 1.2356446 0.6078999 1.2756446 0 P 0
L 0.6340005 0.185 0.6340005 0.225 0 P 0
L 0.6340005 0.485 0.6340005 0.525 0 P 0
L 0.6340005 0.8 0.6340005 0.84 0 P 0
L 0.6379138 0.6820666 0.6379138 0.7220666 0 P 0
L 0.6379138 0.6820666 0.6779138 0.6820666 0 P 0
L 0.6379138 0.7220666 0.6779138 0.7220666 0 P 0
L 0.6498999 1.1443458 0.6498999 1.1843458 0 P 0
L 0.6498999 1.1443458 0.6898999 1.1443458 0 P 0
L 0.6498999 1.1843458 0.6898999 1.1843458 0 P 0
L 0.6498999 1.279 0.6498999 1.319 0 P 0
L 0.6498999 1.279 0.6898999 1.279 0 P 0
L 0.6498999 1.319 0.6898999 1.319 0 P 0
L 0.6567717 1.6729134 0.6567717 1.6829134 0 P 0
L 0.6567717 1.6729134 0.6667717 1.6729134 0 P 0
L 0.6567717 1.6829134 0.6667717 1.6929134 0 P 0
L 0.6567717 1.7029134 0.6567717 1.7129134 0 P 0
L 0.6567717 1.7029134 0.6667717 1.6929134 0 P 0
L 0.6567717 1.7129134 0.6667717 1.7129134 0 P 0
L 0.66 0.8 0.66 0.84 0 P 0
L 0.66 0.8 0.7 0.8 0 P 0
L 0.66 0.84 0.7 0.84 0 P 0
L 0.6667717 1.6729134 0.6767717 1.6829134 0 P 0
L 0.6667717 1.7129134 0.6767717 1.7029134 0 P 0
L 0.6767717 1.6829134 0.6867717 1.6729134 0 P 0
L 0.6767717 1.7029134 0.6867717 1.7129134 0 P 0
L 0.6779138 0.6820666 0.6779138 0.7220666 0 P 0
L 0.6867717 1.6729134 0.6967717 1.6729134 0 P 0
L 0.6867717 1.6929134 0.6967717 1.6829134 0 P 0
L 0.6867717 1.6929134 0.6967717 1.7029134 0 P 0
L 0.6867717 1.7129134 0.6967717 1.7129134 0 P 0
L 0.6898999 0.8463212 0.6898999 0.8863212 0 P 0
L 0.6898999 0.8463212 0.7298999 0.8463212 0 P 0
L 0.6898999 0.8863212 0.7298999 0.8863212 0 P 0
L 0.6898999 0.9174871 0.6898999 0.9574871 0 P 0
L 0.6898999 0.9174871 0.7298999 0.9174871 0 P 0
L 0.6898999 0.9574871 0.7298999 0.9574871 0 P 0
L 0.6898999 1.1443458 0.6898999 1.1843458 0 P 0
L 0.6898999 1.279 0.6898999 1.319 0 P 0
L 0.6967717 1.6729134 0.6967717 1.6829134 0 P 0
L 0.6967717 1.7029134 0.6967717 1.7129134 0 P 0
L 0.7 0.8 0.7 0.84 0 P 0
L 0.71 1.075 0.71 1.115 0 P 0
L 0.71 1.075 0.75 1.075 0 P 0
L 0.71 1.11 0.71 1.15 0 P 0
L 0.71 1.11 0.75 1.11 0 P 0
L 0.71 1.115 0.75 1.115 0 P 0
L 0.71 1.1442033 0.71 1.1842033 0 P 0
L 0.71 1.1442033 0.75 1.1442033 0 P 0
L 0.71 1.15 0.75 1.15 0 P 0
L 0.71 1.1842033 0.75 1.1842033 0 P 0
L 0.7298999 0.8463212 0.7298999 0.8863212 0 P 0
L 0.7298999 0.9174871 0.7298999 0.9574871 0 P 0
L 0.75 1.075 0.75 1.115 0 P 0
L 0.75 1.11 0.75 1.15 0 P 0
L 0.75 1.1442033 0.75 1.1842033 0 P 0
L 0.763969 1.1443458 0.763969 1.1843458 0 P 0
L 0.763969 1.1443458 0.803969 1.1443458 0 P 0
L 0.763969 1.1843458 0.803969 1.1843458 0 P 0
L 0.763969 1.2356446 0.763969 1.2756446 0 P 0
L 0.763969 1.2356446 0.803969 1.2356446 0 P 0
L 0.763969 1.2756446 0.803969 1.2756446 0 P 0
L 0.778969 0.8684871 0.778969 0.9084871 0 P 0
L 0.778969 0.8684871 0.818969 0.8684871 0 P 0
L 0.778969 0.9084871 0.818969 0.9084871 0 P 0
L 0.803969 1.1443458 0.803969 1.1843458 0 P 0
L 0.803969 1.2356446 0.803969 1.2756446 0 P 0
L 0.8067717 1.6729134 0.8067717 1.6829134 0 P 0
L 0.8067717 1.6729134 0.8167717 1.6729134 0 P 0
L 0.8067717 1.6829134 0.8167717 1.6929134 0 P 0
L 0.8067717 1.7029134 0.8067717 1.7129134 0 P 0
L 0.8067717 1.7029134 0.8167717 1.6929134 0 P 0
L 0.8067717 1.7129134 0.8167717 1.7129134 0 P 0
L 0.8167717 1.6729134 0.8267717 1.6829134 0 P 0
L 0.8167717 1.7129134 0.8267717 1.7029134 0 P 0
L 0.818969 0.8684871 0.818969 0.9084871 0 P 0
L 0.8267717 1.6829134 0.8367717 1.6729134 0 P 0
L 0.8267717 1.7029134 0.8367717 1.7129134 0 P 0
L 0.8367717 1.6729134 0.8467717 1.6729134 0 P 0
L 0.8367717 1.6929134 0.8467717 1.6829134 0 P 0
L 0.8367717 1.6929134 0.8467717 1.7029134 0 P 0
L 0.8367717 1.7129134 0.8467717 1.7129134 0 P 0
L 0.838969 1.1443458 0.838969 1.1843458 0 P 0
L 0.838969 1.1443458 0.878969 1.1443458 0 P 0
L 0.838969 1.1843458 0.878969 1.1843458 0 P 0
L 0.838969 1.2334714 0.838969 1.2734714 0 P 0
L 0.838969 1.2334714 0.878969 1.2334714 0 P 0
L 0.838969 1.2734714 0.878969 1.2734714 0 P 0
L 0.8467717 1.6729134 0.8467717 1.6829134 0 P 0
L 0.8467717 1.7029134 0.8467717 1.7129134 0 P 0
L 0.872286 0.185 0.872286 0.225 0 P 0
L 0.872286 0.185 0.912286 0.185 0 P 0
L 0.872286 0.225 0.912286 0.225 0 P 0
L 0.872286 0.4840005 0.872286 0.5240005 0 P 0
L 0.872286 0.4840005 0.912286 0.4840005 0 P 0
L 0.872286 0.5240005 0.912286 0.5240005 0 P 0
L 0.878969 1.1443458 0.878969 1.1843458 0 P 0
L 0.878969 1.2334714 0.878969 1.2734714 0 P 0
L 0.912286 0.185 0.912286 0.225 0 P 0
L 0.912286 0.4840005 0.912286 0.5240005 0 P 0
L 0.922286 0.6820666 0.922286 0.7220666 0 P 0
L 0.922286 0.6820666 0.962286 0.6820666 0 P 0
L 0.922286 0.7220666 0.962286 0.7220666 0 P 0
L 0.9244257 1.1443458 0.9244257 1.1843458 0 P 0
L 0.9244257 1.1443458 0.9644257 1.1443458 0 P 0
L 0.9244257 1.1843458 0.9644257 1.1843458 0 P 0
L 0.962286 0.6820666 0.962286 0.7220666 0 P 0
L 0.9644257 1.1443458 0.9644257 1.1843458 0 P 0
L 0.972286 0.185 0.972286 0.225 0 P 0
L 0.972286 0.185 1.012286 0.185 0 P 0
L 0.972286 0.225 1.012286 0.225 0 P 0
L 0.972286 0.4840005 0.972286 0.5240005 0 P 0
L 0.972286 0.4840005 1.012286 0.4840005 0 P 0
L 0.972286 0.5240005 1.012286 0.5240005 0 P 0
L 0.9839947 1.0480005 0.9839947 1.0880005 0 P 0
L 0.9839947 1.0480005 1.0239947 1.0480005 0 P 0
L 0.9839947 1.0880005 1.0239947 1.0880005 0 P 0
L 0.9839947 1.2396603 0.9839947 1.2796603 0 P 0
L 0.9839947 1.2396603 1.0239947 1.2396603 0 P 0
L 0.9839947 1.2796603 1.0239947 1.2796603 0 P 0
L 1.006378 1.6729134 1.006378 1.6829134 0 P 0
L 1.006378 1.6729134 1.016378 1.6729134 0 P 0
L 1.006378 1.6829134 1.016378 1.6929134 0 P 0
L 1.006378 1.7029134 1.006378 1.7129134 0 P 0
L 1.006378 1.7029134 1.016378 1.6929134 0 P 0
L 1.006378 1.7129134 1.016378 1.7129134 0 P 0
L 1.012286 0.185 1.012286 0.225 0 P 0
L 1.012286 0.4840005 1.012286 0.5240005 0 P 0
L 1.0139947 1.1442033 1.0139947 1.1842033 0 P 0
L 1.0139947 1.1442033 1.0539947 1.1442033 0 P 0
L 1.0139947 1.1842033 1.0539947 1.1842033 0 P 0
L 1.016378 1.6729134 1.026378 1.6829134 0 P 0
L 1.016378 1.7129134 1.026378 1.7029134 0 P 0
L 1.0239947 1.0480005 1.0239947 1.0880005 0 P 0
L 1.0239947 1.2396603 1.0239947 1.2796603 0 P 0
L 1.026378 1.6829134 1.036378 1.6729134 0 P 0
L 1.026378 1.7029134 1.036378 1.7129134 0 P 0
L 1.0315695 0.7234052 1.0315695 0.7634052 0 P 0
L 1.0315695 0.7234052 1.0715695 0.7234052 0 P 0
L 1.0315695 0.7634052 1.0715695 0.7634052 0 P 0
L 1.036378 1.6729134 1.046378 1.6729134 0 P 0
L 1.036378 1.6929134 1.046378 1.6829134 0 P 0
L 1.036378 1.6929134 1.046378 1.7029134 0 P 0
L 1.036378 1.7129134 1.046378 1.7129134 0 P 0
L 1.046378 1.6729134 1.046378 1.6829134 0 P 0
L 1.046378 1.7029134 1.046378 1.7129134 0 P 0
L 1.0539947 1.1442033 1.0539947 1.1842033 0 P 0
L 1.0715695 0.7234052 1.0715695 0.7634052 0 P 0
L 1.072286 0.185 1.072286 0.225 0 P 0
L 1.072286 0.185 1.112286 0.185 0 P 0
L 1.072286 0.225 1.112286 0.225 0 P 0
L 1.072286 0.4840005 1.072286 0.5240005 0 P 0
L 1.072286 0.4840005 1.112286 0.4840005 0 P 0
L 1.072286 0.5240005 1.112286 0.5240005 0 P 0
L 1.072286 0.6533386 1.072286 0.6933386 0 P 0
L 1.072286 0.6533386 1.112286 0.6533386 0 P 0
L 1.072286 0.6933386 1.112286 0.6933386 0 P 0
L 1.0906246 0.9372902 1.0906246 0.9772902 0 P 0
L 1.0906246 0.9372902 1.1306246 0.9372902 0 P 0
L 1.0906246 0.9766603 1.0906246 1.0166603 0 P 0
L 1.0906246 0.9766603 1.1306246 0.9766603 0 P 0
L 1.0906246 0.9772902 1.1306246 0.9772902 0 P 0
L 1.0906246 1.0160304 1.0906246 1.0560304 0 P 0
L 1.0906246 1.0160304 1.1306246 1.0160304 0 P 0
L 1.0906246 1.0166603 1.1306246 1.0166603 0 P 0
L 1.0906246 1.0560304 1.1306246 1.0560304 0 P 0
L 1.105 0.7234052 1.105 0.7634052 0 P 0
L 1.105 0.7234052 1.145 0.7234052 0 P 0
L 1.105 0.7634052 1.145 0.7634052 0 P 0
L 1.112286 0.185 1.112286 0.225 0 P 0
L 1.112286 0.4840005 1.112286 0.5240005 0 P 0
L 1.112286 0.6533386 1.112286 0.6933386 0 P 0
L 1.1299947 0.9372902 1.1299947 0.9772902 0 P 0
L 1.1299947 0.9372902 1.1699947 0.9372902 0 P 0
L 1.1299947 0.9766603 1.1299947 1.0166603 0 P 0
L 1.1299947 0.9766603 1.1699947 0.9766603 0 P 0
L 1.1299947 0.9772902 1.1699947 0.9772902 0 P 0
L 1.1299947 1.0160304 1.1299947 1.0560304 0 P 0
L 1.1299947 1.0160304 1.1699947 1.0160304 0 P 0
L 1.1299947 1.0166603 1.1699947 1.0166603 0 P 0
L 1.1299947 1.0560304 1.1699947 1.0560304 0 P 0
L 1.1306246 0.9372902 1.1306246 0.9772902 0 P 0
L 1.1306246 0.9766603 1.1306246 1.0166603 0 P 0
L 1.1306246 1.0160304 1.1306246 1.0560304 0 P 0
L 1.145 0.7234052 1.145 0.7634052 0 P 0
L 1.1496798 0.6533386 1.1496798 0.6933386 0 P 0
L 1.1496798 0.6533386 1.1896798 0.6533386 0 P 0
L 1.1496798 0.6933386 1.1896798 0.6933386 0 P 0
L 1.156378 1.6729134 1.156378 1.6829134 0 P 0
L 1.156378 1.6729134 1.166378 1.6729134 0 P 0
L 1.156378 1.6829134 1.166378 1.6929134 0 P 0
L 1.156378 1.7029134 1.156378 1.7129134 0 P 0
L 1.156378 1.7029134 1.166378 1.6929134 0 P 0
L 1.156378 1.7129134 1.166378 1.7129134 0 P 0
L 1.166378 1.6729134 1.176378 1.6829134 0 P 0
L 1.166378 1.7129134 1.176378 1.7029134 0 P 0
L 1.1693648 0.9766603 1.1693648 1.0166603 0 P 0
L 1.1693648 0.9766603 1.2093648 0.9766603 0 P 0
L 1.1693648 1.0164871 1.1693648 1.0564871 0 P 0
L 1.1693648 1.0164871 1.2093648 1.0164871 0 P 0
L 1.1693648 1.0166603 1.2093648 1.0166603 0 P 0
L 1.1693648 1.0564871 1.2093648 1.0564871 0 P 0
L 1.1699947 0.9372902 1.1699947 0.9772902 0 P 0
L 1.1699947 0.9766603 1.1699947 1.0166603 0 P 0
L 1.1699947 1.0160304 1.1699947 1.0560304 0 P 0
L 1.1701443 0.9372902 1.1701443 0.9772902 0 P 0
L 1.1701443 0.9372902 1.2101443 0.9372902 0 P 0
L 1.1701443 0.9772902 1.2101443 0.9772902 0 P 0
L 1.176378 1.6829134 1.186378 1.6729134 0 P 0
L 1.176378 1.7029134 1.186378 1.7129134 0 P 0
L 1.1806798 0.7234052 1.1806798 0.7634052 0 P 0
L 1.1806798 0.7234052 1.2206798 0.7234052 0 P 0
L 1.1806798 0.7634052 1.2206798 0.7634052 0 P 0
L 1.186378 1.6729134 1.196378 1.6729134 0 P 0
L 1.186378 1.6929134 1.196378 1.6829134 0 P 0
L 1.186378 1.6929134 1.196378 1.7029134 0 P 0
L 1.186378 1.7129134 1.196378 1.7129134 0 P 0
L 1.1896798 0.6533386 1.1896798 0.6933386 0 P 0
L 1.196378 1.6729134 1.196378 1.6829134 0 P 0
L 1.196378 1.7029134 1.196378 1.7129134 0 P 0
L 1.2093648 0.9766603 1.2093648 1.0166603 0 P 0
L 1.2093648 1.0164871 1.2093648 1.0564871 0 P 0
L 1.2101443 0.9372902 1.2101443 0.9772902 0 P 0
L 1.2106798 0.8060824 1.2106798 0.8460824 0 P 0
L 1.2106798 0.8060824 1.2506798 0.8060824 0 P 0
L 1.2106798 0.8460824 1.2506798 0.8460824 0 P 0
L 1.2200499 0.6533386 1.2200499 0.6933386 0 P 0
L 1.2200499 0.6533386 1.2600499 0.6533386 0 P 0
L 1.2200499 0.6933386 1.2600499 0.6933386 0 P 0
L 1.2206798 0.7234052 1.2206798 0.7634052 0 P 0
L 1.2349947 1.1421722 1.2349947 1.1821722 0 P 0
L 1.2349947 1.1421722 1.2749947 1.1421722 0 P 0
L 1.2349947 1.1821722 1.2749947 1.1821722 0 P 0
L 1.2500499 0.7234052 1.2500499 0.7634052 0 P 0
L 1.2500499 0.7234052 1.2900499 0.7234052 0 P 0
L 1.2500499 0.7634052 1.2900499 0.7634052 0 P 0
L 1.2506798 0.8060824 1.2506798 0.8460824 0 P 0
L 1.2600499 0.6533386 1.2600499 0.6933386 0 P 0
L 1.2650499 0.9963453 1.2650499 1.0363453 0 P 0
L 1.2650499 0.9963453 1.3050499 0.9963453 0 P 0
L 1.2650499 1.0363453 1.3050499 1.0363453 0 P 0
L 1.2695858 0.9301485 1.2695858 0.9701485 0 P 0
L 1.2695858 0.9301485 1.3095858 0.9301485 0 P 0
L 1.2695858 0.9701485 1.3095858 0.9701485 0 P 0
L 1.2749947 1.1421722 1.2749947 1.1821722 0 P 0
L 1.2860005 1.0580005 1.2860005 1.0980005 0 P 0
L 1.2860005 1.0580005 1.3260005 1.0580005 0 P 0
L 1.2860005 1.0980005 1.3260005 1.0980005 0 P 0
L 1.2900499 0.7234052 1.2900499 0.7634052 0 P 0
L 1.3050499 0.9963453 1.3050499 1.0363453 0 P 0
L 1.306378 1.6729134 1.306378 1.6829134 0 P 0
L 1.306378 1.6729134 1.316378 1.6729134 0 P 0
L 1.306378 1.6829134 1.316378 1.6929134 0 P 0
L 1.306378 1.7029134 1.306378 1.7129134 0 P 0
L 1.306378 1.7029134 1.316378 1.6929134 0 P 0
L 1.306378 1.7129134 1.316378 1.7129134 0 P 0
L 1.3066246 1.1421722 1.3066246 1.1821722 0 P 0
L 1.3066246 1.1421722 1.3466246 1.1421722 0 P 0
L 1.3066246 1.1821722 1.3466246 1.1821722 0 P 0
L 1.3066246 1.2356446 1.3066246 1.2756446 0 P 0
L 1.3066246 1.2356446 1.3466246 1.2356446 0 P 0
L 1.3066246 1.2756446 1.3466246 1.2756446 0 P 0
L 1.3095858 0.9301485 1.3095858 0.9701485 0 P 0
L 1.316378 1.6729134 1.326378 1.6829134 0 P 0
L 1.316378 1.7129134 1.326378 1.7029134 0 P 0
L 1.3260005 1.0580005 1.3260005 1.0980005 0 P 0
L 1.326378 1.6829134 1.336378 1.6729134 0 P 0
L 1.326378 1.7029134 1.336378 1.7129134 0 P 0
L 1.3329632 0.7230122 1.3329632 0.7630122 0 P 0
L 1.3329632 0.7230122 1.3729632 0.7230122 0 P 0
L 1.3329632 0.7630122 1.3729632 0.7630122 0 P 0
L 1.336378 1.6729134 1.346378 1.6729134 0 P 0
L 1.336378 1.6929134 1.346378 1.6829134 0 P 0
L 1.336378 1.6929134 1.346378 1.7029134 0 P 0
L 1.336378 1.7129134 1.346378 1.7129134 0 P 0
L 1.346378 1.6729134 1.346378 1.6829134 0 P 0
L 1.346378 1.7029134 1.346378 1.7129134 0 P 0
L 1.3466246 1.1421722 1.3466246 1.1821722 0 P 0
L 1.3466246 1.2356446 1.3466246 1.2756446 0 P 0
L 1.3479632 0.8463212 1.3479632 0.8863212 0 P 0
L 1.3479632 0.8463212 1.3879632 0.8463212 0 P 0
L 1.3479632 0.8863212 1.3879632 0.8863212 0 P 0
L 1.3729632 0.7230122 1.3729632 0.7630122 0 P 0
L 1.375 0.31 1.395 0.29 0 P 0
L 1.375 0.31 1.395 0.33 0 P 0
L 1.375 0.5262205 1.375 0.5662205 0 P 0
L 1.375 0.5262205 1.415 0.5262205 0 P 0
L 1.375 0.5662205 1.415 0.5662205 0 P 0
L 1.3768765 0.7956692 1.3768765 0.8356692 0 P 0
L 1.3768765 0.7956692 1.4168765 0.7956692 0 P 0
L 1.3768765 0.8356692 1.4168765 0.8356692 0 P 0
L 1.383 0.5342205 1.383 0.5582205 0 P 0
L 1.383 0.5342205 1.407 0.5342205 0 P 0
L 1.383 0.5582205 1.407 0.5582205 0 P 0
L 1.3879632 0.8463212 1.3879632 0.8863212 0 P 0
L 1.3893018 1.1443458 1.3893018 1.1843458 0 P 0
L 1.3893018 1.1443458 1.4293018 1.1443458 0 P 0
L 1.3893018 1.1843458 1.4293018 1.1843458 0 P 0
L 1.395 0.29 1.415 0.31 0 P 0
L 1.395 0.33 1.415 0.31 0 P 0
L 1.407 0.5342205 1.407 0.5582205 0 P 0
L 1.415 0.5262205 1.415 0.5662205 0 P 0
L 1.4168765 0.7956692 1.4168765 0.8356692 0 P 0
L 1.4293018 1.1443458 1.4293018 1.1843458 0 P 0
L 1.445 0.8463212 1.445 0.8863212 0 P 0
L 1.445 0.8463212 1.485 0.8463212 0 P 0
L 1.445 0.8863212 1.485 0.8863212 0 P 0
L 1.445 0.9024871 1.445 0.9424871 0 P 0
L 1.445 0.9024871 1.485 0.9024871 0 P 0
L 1.445 0.9372902 1.445 0.9772902 0 P 0
L 1.445 0.9372902 1.485 0.9372902 0 P 0
L 1.445 0.9424871 1.485 0.9424871 0 P 0
L 1.445 0.9772902 1.485 0.9772902 0 P 0
L 1.445 1.1185784 1.445 1.1585784 0 P 0
L 1.445 1.1185784 1.485 1.1185784 0 P 0
L 1.445 1.1585784 1.485 1.1585784 0 P 0
L 1.456378 1.6729134 1.456378 1.6829134 0 P 0
L 1.456378 1.6729134 1.466378 1.6729134 0 P 0
L 1.456378 1.6829134 1.466378 1.6929134 0 P 0
L 1.456378 1.7029134 1.456378 1.7129134 0 P 0
L 1.456378 1.7029134 1.466378 1.6929134 0 P 0
L 1.456378 1.7129134 1.466378 1.7129134 0 P 0
L 1.466378 1.6729134 1.476378 1.6829134 0 P 0
L 1.466378 1.7129134 1.476378 1.7029134 0 P 0
L 1.476378 1.6829134 1.486378 1.6729134 0 P 0
L 1.476378 1.7029134 1.486378 1.7129134 0 P 0
L 1.485 0.8463212 1.485 0.8863212 0 P 0
L 1.485 0.9024871 1.485 0.9424871 0 P 0
L 1.485 0.9372902 1.485 0.9772902 0 P 0
L 1.485 1.1185784 1.485 1.1585784 0 P 0
L 1.486378 1.6729134 1.496378 1.6729134 0 P 0
L 1.486378 1.6929134 1.496378 1.6829134 0 P 0
L 1.486378 1.6929134 1.496378 1.7029134 0 P 0
L 1.486378 1.7129134 1.496378 1.7129134 0 P 0
L 1.489 1.1442033 1.489 1.1842033 0 P 0
L 1.489 1.1442033 1.529 1.1442033 0 P 0
L 1.489 1.1842033 1.529 1.1842033 0 P 0
L 1.489 1.2356446 1.489 1.2756446 0 P 0
L 1.489 1.2356446 1.529 1.2356446 0 P 0
L 1.489 1.2756446 1.529 1.2756446 0 P 0
L 1.496378 1.6729134 1.496378 1.6829134 0 P 0
L 1.496378 1.7029134 1.496378 1.7129134 0 P 0
L 1.504 0.8684871 1.504 0.9084871 0 P 0
L 1.504 0.8684871 1.544 0.8684871 0 P 0
L 1.504 0.9084871 1.544 0.9084871 0 P 0
L 1.529 1.1442033 1.529 1.1842033 0 P 0
L 1.529 1.2356446 1.529 1.2756446 0 P 0
L 1.544 0.8684871 1.544 0.9084871 0 P 0
L 1.5600394 0.4281102 1.5800394 0.4081102 0 P 0
L 1.5600394 0.4281102 1.5800394 0.4481102 0 P 0
L 1.564 1.1442033 1.564 1.1842033 0 P 0
L 1.564 1.1442033 1.604 1.1442033 0 P 0
L 1.564 1.1842033 1.604 1.1842033 0 P 0
L 1.564 1.2336135 1.564 1.2736135 0 P 0
L 1.564 1.2336135 1.604 1.2336135 0 P 0
L 1.564 1.2736135 1.604 1.2736135 0 P 0
L 1.5800394 0.4081102 1.6000394 0.4281102 0 P 0
L 1.5800394 0.4481102 1.6000394 0.4281102 0 P 0
L 1.604 1.1442033 1.604 1.1842033 0 P 0
L 1.604 1.2336135 1.604 1.2736135 0 P 0
L 1.6494567 1.1442033 1.6494567 1.1842033 0 P 0
L 1.6494567 1.1442033 1.6894567 1.1442033 0 P 0
L 1.6494567 1.1842033 1.6894567 1.1842033 0 P 0
L 1.6559843 1.6729134 1.6559843 1.6829134 0 P 0
L 1.6559843 1.6729134 1.6659843 1.6729134 0 P 0
L 1.6559843 1.6829134 1.6659843 1.6929134 0 P 0
L 1.6559843 1.7029134 1.6559843 1.7129134 0 P 0
L 1.6559843 1.7029134 1.6659843 1.6929134 0 P 0
L 1.6559843 1.7129134 1.6659843 1.7129134 0 P 0
L 1.6659843 1.6729134 1.6759843 1.6829134 0 P 0
L 1.6659843 1.7129134 1.6759843 1.7029134 0 P 0
L 1.6759843 1.6829134 1.6859843 1.6729134 0 P 0
L 1.6759843 1.7029134 1.6859843 1.7129134 0 P 0
L 1.6859843 1.6729134 1.6959843 1.6729134 0 P 0
L 1.6859843 1.6929134 1.6959843 1.6829134 0 P 0
L 1.6859843 1.6929134 1.6959843 1.7029134 0 P 0
L 1.6859843 1.7129134 1.6959843 1.7129134 0 P 0
L 1.6894567 1.1442033 1.6894567 1.1842033 0 P 0
L 1.6959843 1.6729134 1.6959843 1.6829134 0 P 0
L 1.6959843 1.7029134 1.6959843 1.7129134 0 P 0
L 1.7118509 1.0480005 1.7118509 1.0880005 0 P 0
L 1.7118509 1.0480005 1.7518509 1.0480005 0 P 0
L 1.7118509 1.0880005 1.7518509 1.0880005 0 P 0
L 1.7118509 1.2356446 1.7118509 1.2756446 0 P 0
L 1.7118509 1.2356446 1.7518509 1.2356446 0 P 0
L 1.7118509 1.2756446 1.7518509 1.2756446 0 P 0
L 1.7268509 0.7230122 1.7268509 0.7630122 0 P 0
L 1.7268509 0.7230122 1.7668509 0.7230122 0 P 0
L 1.7268509 0.7630122 1.7668509 0.7630122 0 P 0
L 1.7381659 0.193378 1.7381659 0.233378 0 P 0
L 1.7381659 0.193378 1.7781659 0.193378 0 P 0
L 1.7381659 0.233378 1.7781659 0.233378 0 P 0
L 1.7381659 0.485 1.7381659 0.525 0 P 0
L 1.7381659 0.485 1.7781659 0.485 0 P 0
L 1.7381659 0.525 1.7781659 0.525 0 P 0
L 1.7418509 1.1442033 1.7418509 1.1842033 0 P 0
L 1.7418509 1.1442033 1.7818509 1.1442033 0 P 0
L 1.7418509 1.1842033 1.7818509 1.1842033 0 P 0
L 1.7518509 1.0480005 1.7518509 1.0880005 0 P 0
L 1.7518509 1.2356446 1.7518509 1.2756446 0 P 0
L 1.7668509 0.7230122 1.7668509 0.7630122 0 P 0
L 1.7781659 0.193378 1.7781659 0.233378 0 P 0
L 1.7781659 0.485 1.7781659 0.525 0 P 0
L 1.7818509 1.1442033 1.7818509 1.1842033 0 P 0
L 1.8059843 1.6729134 1.8059843 1.6829134 0 P 0
L 1.8059843 1.6729134 1.8159843 1.6729134 0 P 0
L 1.8059843 1.6829134 1.8159843 1.6929134 0 P 0
L 1.8059843 1.7029134 1.8059843 1.7129134 0 P 0
L 1.8059843 1.7029134 1.8159843 1.6929134 0 P 0
L 1.8059843 1.7129134 1.8159843 1.7129134 0 P 0
L 1.8061658 0.7230122 1.8061658 0.7630122 0 P 0
L 1.8061658 0.7230122 1.8461658 0.7230122 0 P 0
L 1.8061658 0.7630122 1.8461658 0.7630122 0 P 0
L 1.8159843 1.6729134 1.8259843 1.6829134 0 P 0
L 1.8159843 1.7129134 1.8259843 1.7029134 0 P 0
L 1.8184808 0.9372902 1.8184808 0.9772902 0 P 0
L 1.8184808 0.9372902 1.8584808 0.9372902 0 P 0
L 1.8184808 0.9766603 1.8184808 1.0166603 0 P 0
L 1.8184808 0.9766603 1.8584808 0.9766603 0 P 0
L 1.8184808 0.9772902 1.8584808 0.9772902 0 P 0
L 1.8184808 1.0160304 1.8184808 1.0560304 0 P 0
L 1.8184808 1.0160304 1.8584808 1.0160304 0 P 0
L 1.8184808 1.0166603 1.8584808 1.0166603 0 P 0
L 1.8184808 1.0560304 1.8584808 1.0560304 0 P 0
L 1.8259843 1.6829134 1.8359843 1.6729134 0 P 0
L 1.8259843 1.7029134 1.8359843 1.7129134 0 P 0
L 1.8359843 1.6729134 1.8459843 1.6729134 0 P 0
L 1.8359843 1.6929134 1.8459843 1.6829134 0 P 0
L 1.8359843 1.6929134 1.8459843 1.7029134 0 P 0
L 1.8359843 1.7129134 1.8459843 1.7129134 0 P 0
L 1.8381659 0.193378 1.8381659 0.233378 0 P 0
L 1.8381659 0.193378 1.8781659 0.193378 0 P 0
L 1.8381659 0.233378 1.8781659 0.233378 0 P 0
L 1.8381659 0.485 1.8381659 0.525 0 P 0
L 1.8381659 0.485 1.8781659 0.485 0 P 0
L 1.8381659 0.525 1.8781659 0.525 0 P 0
L 1.8459843 1.6729134 1.8459843 1.6829134 0 P 0
L 1.8459843 1.7029134 1.8459843 1.7129134 0 P 0
L 1.8461658 0.7230122 1.8461658 0.7630122 0 P 0
L 1.8578509 0.9372902 1.8578509 0.9772902 0 P 0
L 1.8578509 0.9372902 1.8978509 0.9372902 0 P 0
L 1.8578509 0.9766603 1.8578509 1.0166603 0 P 0
L 1.8578509 0.9766603 1.8978509 0.9766603 0 P 0
L 1.8578509 0.9772902 1.8978509 0.9772902 0 P 0
L 1.8578509 1.0160304 1.8578509 1.0560304 0 P 0
L 1.8578509 1.0160304 1.8978509 1.0160304 0 P 0
L 1.8578509 1.0166603 1.8978509 1.0166603 0 P 0
L 1.8578509 1.0560304 1.8978509 1.0560304 0 P 0
L 1.8584808 0.9372902 1.8584808 0.9772902 0 P 0
L 1.8584808 0.9766603 1.8584808 1.0166603 0 P 0
L 1.8584808 1.0160304 1.8584808 1.0560304 0 P 0
L 1.8781659 0.193378 1.8781659 0.233378 0 P 0
L 1.8781659 0.485 1.8781659 0.525 0 P 0
L 1.89 0.7230122 1.89 0.7630122 0 P 0
L 1.89 0.7230122 1.93 0.7230122 0 P 0
L 1.89 0.7630122 1.93 0.7630122 0 P 0
L 1.897221 0.9372902 1.897221 0.9772902 0 P 0
L 1.897221 0.9372902 1.937221 0.9372902 0 P 0
L 1.897221 0.9766603 1.897221 1.0166603 0 P 0
L 1.897221 0.9766603 1.937221 0.9766603 0 P 0
L 1.897221 0.9772902 1.937221 0.9772902 0 P 0
L 1.897221 1.0160304 1.897221 1.0560304 0 P 0
L 1.897221 1.0160304 1.937221 1.0160304 0 P 0
L 1.897221 1.0166603 1.937221 1.0166603 0 P 0
L 1.897221 1.0560304 1.937221 1.0560304 0 P 0
L 1.8978509 0.9372902 1.8978509 0.9772902 0 P 0
L 1.8978509 0.9766603 1.8978509 1.0166603 0 P 0
L 1.8978509 1.0160304 1.8978509 1.0560304 0 P 0
L 1.93 0.7230122 1.93 0.7630122 0 P 0
L 1.937221 0.9372902 1.937221 0.9772902 0 P 0
L 1.937221 0.9766603 1.937221 1.0166603 0 P 0
L 1.937221 1.0160304 1.937221 1.0560304 0 P 0
L 1.9381659 0.193378 1.9381659 0.233378 0 P 0
L 1.9381659 0.193378 1.9781659 0.193378 0 P 0
L 1.9381659 0.233378 1.9781659 0.233378 0 P 0
L 1.9381659 0.4848115 1.9381659 0.5248115 0 P 0
L 1.9381659 0.4848115 1.9781659 0.4848115 0 P 0
L 1.9381659 0.5248115 1.9781659 0.5248115 0 P 0
L 1.938536 0.8060824 1.938536 0.8460824 0 P 0
L 1.938536 0.8060824 1.978536 0.8060824 0 P 0
L 1.938536 0.8460824 1.978536 0.8460824 0 P 0
L 1.9559843 1.6729134 1.9559843 1.6829134 0 P 0
L 1.9559843 1.6729134 1.9659843 1.6729134 0 P 0
L 1.9559843 1.6829134 1.9659843 1.6929134 0 P 0
L 1.9559843 1.7029134 1.9559843 1.7129134 0 P 0
L 1.9559843 1.7029134 1.9659843 1.6929134 0 P 0
L 1.9559843 1.7129134 1.9659843 1.7129134 0 P 0
L 1.9628509 1.1442033 1.9628509 1.1842033 0 P 0
L 1.9628509 1.1442033 2.0028509 1.1442033 0 P 0
L 1.9628509 1.1842033 2.0028509 1.1842033 0 P 0
L 1.9659843 1.6729134 1.9759843 1.6829134 0 P 0
L 1.9659843 1.7129134 1.9759843 1.7029134 0 P 0
L 1.9759843 1.6829134 1.9859843 1.6729134 0 P 0
L 1.9759843 1.7029134 1.9859843 1.7129134 0 P 0
L 1.9781659 0.193378 1.9781659 0.233378 0 P 0
L 1.9781659 0.4848115 1.9781659 0.5248115 0 P 0
L 1.978536 0.8060824 1.978536 0.8460824 0 P 0
L 1.9859843 1.6729134 1.9959843 1.6729134 0 P 0
L 1.9859843 1.6929134 1.9959843 1.6829134 0 P 0
L 1.9859843 1.6929134 1.9959843 1.7029134 0 P 0
L 1.9859843 1.7129134 1.9959843 1.7129134 0 P 0
L 1.9945724 0.8927172 1.9945724 0.9327172 0 P 0
L 1.9945724 0.8927172 2.0345724 0.8927172 0 P 0
L 1.9945724 0.9327172 2.0345724 0.9327172 0 P 0
L 1.9959843 1.6729134 1.9959843 1.6829134 0 P 0
L 1.9959843 1.7029134 1.9959843 1.7129134 0 P 0
L 1.9978509 0.9963453 1.9978509 1.0363453 0 P 0
L 1.9978509 0.9963453 2.0378509 0.9963453 0 P 0
L 1.9978509 1.0363453 2.0378509 1.0363453 0 P 0
L 2.0028509 1.1442033 2.0028509 1.1842033 0 P 0
L 2.0108194 1.0523235 2.0108194 1.0923235 0 P 0
L 2.0108194 1.0523235 2.0508194 1.0523235 0 P 0
L 2.0108194 1.0923235 2.0508194 1.0923235 0 P 0
L 2.0344808 1.1442033 2.0344808 1.1842033 0 P 0
L 2.0344808 1.1442033 2.0744808 1.1442033 0 P 0
L 2.0344808 1.1842033 2.0744808 1.1842033 0 P 0
L 2.0344808 1.2356446 2.0344808 1.2756446 0 P 0
L 2.0344808 1.2356446 2.0744808 1.2356446 0 P 0
L 2.0344808 1.2756446 2.0744808 1.2756446 0 P 0
L 2.0345724 0.8927172 2.0345724 0.9327172 0 P 0
L 2.0378509 0.9963453 2.0378509 1.0363453 0 P 0
L 2.0469061 0.8060824 2.0469061 0.8460824 0 P 0
L 2.0469061 0.8060824 2.0869061 0.8060824 0 P 0
L 2.0469061 0.8460824 2.0869061 0.8460824 0 P 0
L 2.0508194 1.0523235 2.0508194 1.0923235 0 P 0
L 2.0744808 1.1442033 2.0744808 1.1842033 0 P 0
L 2.0744808 1.2356446 2.0744808 1.2756446 0 P 0
L 2.0757604 0.8487124 2.0757604 0.8887124 0 P 0
L 2.0757604 0.8487124 2.1157604 0.8487124 0 P 0
L 2.0757604 0.8887124 2.1157604 0.8887124 0 P 0
L 2.085 0.32 2.085 0.36 0 P 0
L 2.085 0.32 2.125 0.32 0 P 0
L 2.085 0.355 2.085 0.395 0 P 0
L 2.085 0.355 2.125 0.355 0 P 0
L 2.085 0.36 2.125 0.36 0 P 0
L 2.085 0.395 2.125 0.395 0 P 0
L 2.085 0.4068333 2.085 0.4468333 0 P 0
L 2.085 0.4068333 2.125 0.4068333 0 P 0
L 2.085 0.438843 2.085 0.478843 0 P 0
L 2.085 0.438843 2.125 0.438843 0 P 0
L 2.085 0.4468333 2.125 0.4468333 0 P 0
L 2.085 0.4710635 2.085 0.5110635 0 P 0
L 2.085 0.4710635 2.125 0.4710635 0 P 0
L 2.085 0.478843 2.125 0.478843 0 P 0
L 2.085 0.5110635 2.125 0.5110635 0 P 0
L 2.0869061 0.8060824 2.0869061 0.8460824 0 P 0
L 2.1059843 1.6729134 2.1059843 1.6829134 0 P 0
L 2.1059843 1.6729134 2.1159843 1.6729134 0 P 0
L 2.1059843 1.6829134 2.1159843 1.6929134 0 P 0
L 2.1059843 1.7029134 2.1059843 1.7129134 0 P 0
L 2.1059843 1.7029134 2.1159843 1.6929134 0 P 0
L 2.1059843 1.7129134 2.1159843 1.7129134 0 P 0
L 2.1157604 0.8487124 2.1157604 0.8887124 0 P 0
L 2.1159843 1.6729134 2.1259843 1.6829134 0 P 0
L 2.1159843 1.7129134 2.1259843 1.7029134 0 P 0
L 2.1164808 1.1442033 2.1164808 1.1842033 0 P 0
L 2.1164808 1.1442033 2.1564808 1.1442033 0 P 0
L 2.1164808 1.1842033 2.1564808 1.1842033 0 P 0
L 2.117099 0.4070005 2.117099 0.4470005 0 P 0
L 2.117099 0.4070005 2.157099 0.4070005 0 P 0
L 2.117099 0.4470005 2.157099 0.4470005 0 P 0
L 2.117099 0.4710635 2.117099 0.5110635 0 P 0
L 2.117099 0.4710635 2.157099 0.4710635 0 P 0
L 2.117099 0.5110635 2.157099 0.5110635 0 P 0
L 2.117158 0.438843 2.117158 0.478843 0 P 0
L 2.117158 0.438843 2.157158 0.438843 0 P 0
L 2.117158 0.478843 2.157158 0.478843 0 P 0
L 2.117158 1.2774057 2.117158 1.3174057 0 P 0
L 2.117158 1.2774057 2.157158 1.2774057 0 P 0
L 2.117158 1.3174057 2.157158 1.3174057 0 P 0
L 2.12 0.32 2.12 0.36 0 P 0
L 2.12 0.32 2.16 0.32 0 P 0
L 2.12 0.355 2.12 0.395 0 P 0
L 2.12 0.355 2.16 0.355 0 P 0
L 2.12 0.36 2.16 0.36 0 P 0
L 2.12 0.395 2.16 0.395 0 P 0
L 2.12 0.7647438 2.12 0.8047438 0 P 0
L 2.12 0.7647438 2.16 0.7647438 0 P 0
L 2.12 0.8047438 2.16 0.8047438 0 P 0
L 2.125 0.32 2.125 0.36 0 P 0
L 2.125 0.355 2.125 0.395 0 P 0
L 2.125 0.4068333 2.125 0.4468333 0 P 0
L 2.125 0.438843 2.125 0.478843 0 P 0
L 2.125 0.4710635 2.125 0.5110635 0 P 0
L 2.1259843 1.6829134 2.1359843 1.6729134 0 P 0
L 2.1259843 1.7029134 2.1359843 1.7129134 0 P 0
L 2.1359843 1.6729134 2.1459843 1.6729134 0 P 0
L 2.1359843 1.6929134 2.1459843 1.6829134 0 P 0
L 2.1359843 1.6929134 2.1459843 1.7029134 0 P 0
L 2.1359843 1.7129134 2.1459843 1.7129134 0 P 0
L 2.1459843 1.6729134 2.1459843 1.6829134 0 P 0
L 2.1459843 1.7029134 2.1459843 1.7129134 0 P 0
L 2.15 1.1442033 2.15 1.1842033 0 P 0
L 2.15 1.1442033 2.19 1.1442033 0 P 0
L 2.15 1.1842033 2.19 1.1842033 0 P 0
L 2.1564808 1.1442033 2.1564808 1.1842033 0 P 0
L 2.157099 0.4070005 2.157099 0.4470005 0 P 0
L 2.157099 0.4710635 2.157099 0.5110635 0 P 0
L 2.157158 0.438843 2.157158 0.478843 0 P 0
L 2.157158 1.2774057 2.157158 1.3174057 0 P 0
L 2.1594257 0.3030005 2.1594257 0.3430005 0 P 0
L 2.1594257 0.3030005 2.1994257 0.3030005 0 P 0
L 2.1594257 0.3430005 2.1994257 0.3430005 0 P 0
L 2.1594257 0.8487124 2.1594257 0.8887124 0 P 0
L 2.1594257 0.8487124 2.1994257 0.8487124 0 P 0
L 2.1594257 0.8887124 2.1994257 0.8887124 0 P 0
L 2.16 0.32 2.16 0.36 0 P 0
L 2.16 0.355 2.16 0.395 0 P 0
L 2.16 0.7647438 2.16 0.8047438 0 P 0
L 2.1727244 0.0584961 2.1727244 0.0784961 0 P 0
L 2.1727244 0.0584961 2.1827244 0.0584961 0 P 0
L 2.1727244 0.0784961 2.1827244 0.0784961 0 P 0
L 2.1727244 0.2126693 2.1827244 0.2326693 0 P 0
L 2.1727244 0.2126693 2.1927244 0.2226693 0 P 0
L 2.1727244 0.2526693 2.1827244 0.2326693 0 P 0
L 2.1727244 0.2526693 2.1927244 0.2426693 0 P 0
L 2.18 0.89 2.18 0.93 0 P 0
L 2.18 0.89 2.22 0.89 0 P 0
L 2.18 0.93 2.22 0.93 0 P 0
L 2.1827244 0.0484961 2.1827244 0.0584961 0 P 0
L 2.1827244 0.0484961 2.2027244 0.0484961 0 P 0
L 2.1827244 0.0784961 2.1827244 0.0884961 0 P 0
L 2.1827244 0.0884961 2.2027244 0.0884961 0 P 0
L 2.1860065 0.4168333 2.1860065 0.4568333 0 P 0
L 2.1860065 0.4168333 2.2260065 0.4168333 0 P 0
L 2.1860065 0.455 2.1860065 0.495 0 P 0
L 2.1860065 0.455 2.2260065 0.455 0 P 0
L 2.1860065 0.4568333 2.2260065 0.4568333 0 P 0
L 2.1860065 0.495 2.2260065 0.495 0 P 0
L 2.19 0.54 2.19 0.58 0 P 0
L 2.19 0.54 2.23 0.54 0 P 0
L 2.19 0.58 2.23 0.58 0 P 0
L 2.19 0.61 2.19 0.65 0 P 0
L 2.19 0.61 2.23 0.61 0 P 0
L 2.19 0.65 2.23 0.65 0 P 0
L 2.19 1.1442033 2.19 1.1842033 0 P 0
L 2.1927244 0.2226693 2.2127244 0.2126693 0 P 0
L 2.1927244 0.2426693 2.2127244 0.2526693 0 P 0
L 2.1994257 0.3030005 2.1994257 0.3430005 0 P 0
L 2.1994257 0.8487124 2.1994257 0.8887124 0 P 0
L 2.2027244 0.0484961 2.2027244 0.0584961 0 P 0
L 2.2027244 0.0584961 2.2127244 0.0584961 0 P 0
L 2.2027244 0.0784961 2.2027244 0.0884961 0 P 0
L 2.2027244 0.0784961 2.2127244 0.0784961 0 P 0
L 2.2027244 0.2326693 2.2127244 0.2126693 0 P 0
L 2.2027244 0.2326693 2.2127244 0.2526693 0 P 0
L 2.2127244 0.0584961 2.2127244 0.0784961 0 P 0
L 2.2170157 0.2738425 2.2170157 0.3138425 0 P 0
L 2.2170157 0.2738425 2.2570157 0.2738425 0 P 0
L 2.2170157 0.3138425 2.2570157 0.3138425 0 P 0
L 2.22 0.89 2.22 0.93 0 P 0
L 2.2260065 0.4168333 2.2260065 0.4568333 0 P 0
L 2.2260065 0.455 2.2260065 0.495 0 P 0
L 2.2292205 0.203378 2.2392205 0.203378 0 P 0
L 2.2292205 0.203378 2.2392205 0.213378 0 P 0
L 2.2292205 0.223378 2.2392205 0.213378 0 P 0
L 2.2292205 0.223378 2.2392205 0.223378 0 P 0
L 2.23 0.54 2.23 0.58 0 P 0
L 2.23 0.61 2.23 0.65 0 P 0
L 2.2392205 0.203378 2.2492205 0.193378 0 P 0
L 2.2392205 0.223378 2.2492205 0.233378 0 P 0
L 2.2421029 0.54 2.2421029 0.58 0 P 0
L 2.2421029 0.54 2.2821029 0.54 0 P 0
L 2.2421029 0.58 2.2821029 0.58 0 P 0
L 2.2421029 0.61 2.2421029 0.65 0 P 0
L 2.2421029 0.61 2.2821029 0.61 0 P 0
L 2.2421029 0.65 2.2821029 0.65 0 P 0
L 2.2492205 0.193378 2.2592205 0.203378 0 P 0
L 2.2492205 0.233378 2.2592205 0.223378 0 P 0
L 2.2570157 0.2738425 2.2570157 0.3138425 0 P 0
L 2.2592205 0.203378 2.2692205 0.203378 0 P 0
L 2.2592205 0.213378 2.2692205 0.203378 0 P 0
L 2.2592205 0.213378 2.2692205 0.223378 0 P 0
L 2.2592205 0.223378 2.2692205 0.223378 0 P 0
L 2.2821029 0.54 2.2821029 0.58 0 P 0
L 2.2821029 0.61 2.2821029 0.65 0 P 0
L 2.295 0.54 2.295 0.58 0 P 0
L 2.295 0.54 2.335 0.54 0 P 0
L 2.295 0.58 2.335 0.58 0 P 0
L 2.295 0.61 2.295 0.65 0 P 0
L 2.295 0.61 2.335 0.61 0 P 0
L 2.295 0.65 2.335 0.65 0 P 0
L 2.2964377 0.8264377 2.2964377 0.8664377 0 P 0
L 2.2964377 0.8264377 2.3364377 0.8264377 0 P 0
L 2.2964377 0.8664377 2.3364377 0.8664377 0 P 0
L 2.335 0.54 2.335 0.58 0 P 0
L 2.335 0.61 2.335 0.65 0 P 0
L 2.3364377 0.8264377 2.3364377 0.8664377 0 P 0
L 2.3422047 1.761654 2.3522047 1.761654 0 P 0
L 2.3422047 1.761654 2.3522047 1.771654 0 P 0
L 2.3422047 1.781654 2.3522047 1.771654 0 P 0
L 2.3422047 1.781654 2.3522047 1.781654 0 P 0
L 2.35 0.06 2.35 0.1 0 P 0
L 2.35 0.06 2.39 0.06 0 P 0
L 2.35 0.1 2.39 0.1 0 P 0
L 2.3502047 1.765654 2.3562047 1.765654 0 P 0
L 2.3502047 1.765654 2.3562047 1.771654 0 P 0
L 2.3502047 1.777654 2.3562047 1.771654 0 P 0
L 2.3502047 1.777654 2.3562047 1.777654 0 P 0
L 2.3522047 1.761654 2.3622047 1.751654 0 P 0
L 2.3522047 1.781654 2.3622047 1.791654 0 P 0
L 2.3562047 1.765654 2.3622047 1.759654 0 P 0
L 2.3562047 1.777654 2.3622047 1.783654 0 P 0
L 2.3621029 0.355 2.3621029 0.395 0 P 0
L 2.3621029 0.355 2.4021029 0.355 0 P 0
L 2.3621029 0.395 2.4021029 0.395 0 P 0
L 2.3622047 1.751654 2.3722047 1.761654 0 P 0
L 2.3622047 1.759654 2.3682047 1.765654 0 P 0
L 2.3622047 1.783654 2.3682047 1.777654 0 P 0
L 2.3622047 1.791654 2.3722047 1.781654 0 P 0
L 2.365 0.75 2.365 0.79 0 P 0
L 2.365 0.75 2.405 0.75 0 P 0
L 2.365 0.79 2.405 0.79 0 P 0
L 2.3682047 1.765654 2.3742047 1.765654 0 P 0
L 2.3682047 1.771654 2.3742047 1.765654 0 P 0
L 2.3682047 1.771654 2.3742047 1.777654 0 P 0
L 2.3682047 1.777654 2.3742047 1.777654 0 P 0
L 2.3722047 1.761654 2.3822047 1.761654 0 P 0
L 2.3722047 1.771654 2.3822047 1.761654 0 P 0
L 2.3722047 1.771654 2.3822047 1.781654 0 P 0
L 2.3722047 1.781654 2.3822047 1.781654 0 P 0
L 2.38 0.425 2.38 0.465 0 P 0
L 2.38 0.425 2.42 0.425 0 P 0
L 2.38 0.465 2.38 0.505 0 P 0
L 2.38 0.465 2.42 0.465 0 P 0
L 2.38 0.465 2.42 0.465 0 P 0
L 2.38 0.505 2.42 0.505 0 P 0
L 2.39 0.06 2.39 0.1 0 P 0
L 2.4021029 0.355 2.4021029 0.395 0 P 0
L 2.405 0.75 2.405 0.79 0 P 0
L 2.4141024 1.0750855 2.4141024 1.1150855 0 P 0
L 2.4141024 1.0750855 2.4541024 1.0750855 0 P 0
L 2.4141024 1.1150855 2.4541024 1.1150855 0 P 0
L 2.42 0.425 2.42 0.465 0 P 0
L 2.42 0.465 2.42 0.505 0 P 0
L 2.4291024 0.61 2.4291024 0.65 0 P 0
L 2.4291024 0.61 2.4691024 0.61 0 P 0
L 2.4291024 0.65 2.4691024 0.65 0 P 0
L 2.4500295 0.355 2.4500295 0.395 0 P 0
L 2.4500295 0.355 2.4900295 0.355 0 P 0
L 2.4500295 0.395 2.4900295 0.395 0 P 0
L 2.4541024 1.0750855 2.4541024 1.1150855 0 P 0
L 2.4565401 0.87 2.4565401 0.91 0 P 0
L 2.4565401 0.87 2.4965401 0.87 0 P 0
L 2.4565401 0.91 2.4965401 0.91 0 P 0
L 2.4567795 0.203378 2.4667795 0.203378 0 P 0
L 2.4567795 0.203378 2.4667795 0.213378 0 P 0
L 2.4567795 0.223378 2.4667795 0.213378 0 P 0
L 2.4567795 0.223378 2.4667795 0.223378 0 P 0
L 2.4575401 1.2506446 2.4575401 1.2906446 0 P 0
L 2.4575401 1.2506446 2.4975401 1.2506446 0 P 0
L 2.4575401 1.2906446 2.4975401 1.2906446 0 P 0
L 2.4667795 0.203378 2.4767795 0.193378 0 P 0
L 2.4667795 0.223378 2.4767795 0.233378 0 P 0
L 2.4691024 0.61 2.4691024 0.65 0 P 0
L 2.4767795 0.193378 2.4867795 0.203378 0 P 0
L 2.4767795 0.233378 2.4867795 0.223378 0 P 0
L 2.4867795 0.203378 2.4967795 0.203378 0 P 0
L 2.4867795 0.213378 2.4967795 0.203378 0 P 0
L 2.4867795 0.213378 2.4967795 0.223378 0 P 0
L 2.4867795 0.223378 2.4967795 0.223378 0 P 0
L 2.49 0.275 2.49 0.315 0 P 0
L 2.49 0.275 2.53 0.275 0 P 0
L 2.49 0.315 2.53 0.315 0 P 0
L 2.4900295 0.355 2.4900295 0.395 0 P 0
L 2.4965401 0.87 2.4965401 0.91 0 P 0
L 2.4975401 1.2506446 2.4975401 1.2906446 0 P 0
L 2.5132756 0.0584961 2.5132756 0.0784961 0 P 0
L 2.5132756 0.0584961 2.5232756 0.0584961 0 P 0
L 2.5132756 0.0784961 2.5232756 0.0784961 0 P 0
L 2.5132756 0.2126693 2.5232756 0.2326693 0 P 0
L 2.5132756 0.2126693 2.5332756 0.2226693 0 P 0
L 2.5132756 0.2526693 2.5232756 0.2326693 0 P 0
L 2.5132756 0.2526693 2.5332756 0.2426693 0 P 0
L 2.5232756 0.0484961 2.5232756 0.0584961 0 P 0
L 2.5232756 0.0484961 2.5432756 0.0484961 0 P 0
L 2.5232756 0.0784961 2.5232756 0.0884961 0 P 0
L 2.5232756 0.0884961 2.5432756 0.0884961 0 P 0
L 2.53 0.275 2.53 0.315 0 P 0
L 2.5332756 0.2226693 2.5532756 0.2126693 0 P 0
L 2.5332756 0.2426693 2.5532756 0.2526693 0 P 0
L 2.5432756 0.0484961 2.5432756 0.0584961 0 P 0
L 2.5432756 0.0584961 2.5532756 0.0584961 0 P 0
L 2.5432756 0.0784961 2.5432756 0.0884961 0 P 0
L 2.5432756 0.0784961 2.5532756 0.0784961 0 P 0
L 2.5432756 0.2326693 2.5532756 0.2126693 0 P 0
L 2.5432756 0.2326693 2.5532756 0.2526693 0 P 0
L 2.5493118 0.4710635 2.5493118 0.5110635 0 P 0
L 2.5493118 0.4710635 2.5893118 0.4710635 0 P 0
L 2.5493118 0.5110635 2.5893118 0.5110635 0 P 0
L 2.5532756 0.0584961 2.5532756 0.0784961 0 P 0
L 2.555 0.805 2.555 0.845 0 P 0
L 2.555 0.805 2.595 0.805 0 P 0
L 2.555 0.845 2.595 0.845 0 P 0
L 2.5639968 0.9024871 2.5639968 0.9424871 0 P 0
L 2.5639968 0.9024871 2.6039968 0.9024871 0 P 0
L 2.5639968 0.9424871 2.6039968 0.9424871 0 P 0
L 2.5639968 0.9687014 2.5639968 1.0087014 0 P 0
L 2.5639968 0.9687014 2.6039968 0.9687014 0 P 0
L 2.5639968 1.0087014 2.6039968 1.0087014 0 P 0
L 2.585 0.26 2.585 0.3 0 P 0
L 2.585 0.26 2.625 0.26 0 P 0
L 2.585 0.3 2.625 0.3 0 P 0
L 2.5893118 0.4710635 2.5893118 0.5110635 0 P 0
L 2.595 0.805 2.595 0.845 0 P 0
L 2.5994141 0.9024871 2.5994141 0.9424871 0 P 0
L 2.5994141 0.9024871 2.6394141 0.9024871 0 P 0
L 2.5994141 0.9424871 2.6394141 0.9424871 0 P 0
L 2.5994141 0.9687014 2.5994141 1.0087014 0 P 0
L 2.5994141 0.9687014 2.6394141 0.9687014 0 P 0
L 2.5994141 1.0087014 2.6394141 1.0087014 0 P 0
L 2.6039968 0.9024871 2.6039968 0.9424871 0 P 0
L 2.6039968 0.9687014 2.6039968 1.0087014 0 P 0
L 2.625 0.26 2.625 0.3 0 P 0
L 2.6369995 0.9024871 2.6369995 0.9424871 0 P 0
L 2.6369995 0.9024871 2.6769995 0.9024871 0 P 0
L 2.6369995 0.9424871 2.6769995 0.9424871 0 P 0
L 2.6369995 0.9687014 2.6369995 1.0087014 0 P 0
L 2.6369995 0.9687014 2.6769995 0.9687014 0 P 0
L 2.6369995 1.0087014 2.6769995 1.0087014 0 P 0
L 2.6394141 0.9024871 2.6394141 0.9424871 0 P 0
L 2.6394141 0.9687014 2.6394141 1.0087014 0 P 0
L 2.6769995 0.9024871 2.6769995 0.9424871 0 P 0
L 2.6769995 0.9687014 2.6769995 1.0087014 0 P 0
L 2.7070005 0.1400005 2.7170005 0.1400005 0 P 0
L 2.7070005 0.1400005 2.7170005 0.1500005 0 P 0
L 2.7070005 0.1600005 2.7170005 0.1500005 0 P 0
L 2.7070005 0.1600005 2.7170005 0.1600005 0 P 0
L 2.7150005 0.1440005 2.7210005 0.1440005 0 P 0
L 2.7150005 0.1440005 2.7210005 0.1500005 0 P 0
L 2.7150005 0.1560005 2.7210005 0.1500005 0 P 0
L 2.7150005 0.1560005 2.7210005 0.1560005 0 P 0
L 2.7170005 0.1400005 2.7270005 0.1300005 0 P 0
L 2.7170005 0.1600005 2.7270005 0.1700005 0 P 0
L 2.7210005 0.1440005 2.7270005 0.1380005 0 P 0
L 2.7210005 0.1560005 2.7270005 0.1620005 0 P 0
L 2.7270005 0.1300005 2.7370005 0.1400005 0 P 0
L 2.7270005 0.1380005 2.7330005 0.1440005 0 P 0
L 2.7270005 0.1620005 2.7330005 0.1560005 0 P 0
L 2.7270005 0.1700005 2.7370005 0.1600005 0 P 0
L 2.7330005 0.1440005 2.7390005 0.1440005 0 P 0
L 2.7330005 0.1500005 2.7390005 0.1440005 0 P 0
L 2.7330005 0.1500005 2.7390005 0.1560005 0 P 0
L 2.7330005 0.1560005 2.7390005 0.1560005 0 P 0
L 2.7370005 0.1400005 2.7470005 0.1400005 0 P 0
L 2.7370005 0.1500005 2.7470005 0.1400005 0 P 0
L 2.7370005 0.1500005 2.7470005 0.1600005 0 P 0
L 2.7370005 0.1600005 2.7470005 0.1600005 0 P 0
L 2.745 1.3035433 2.745 1.3435433 0 P 0
L 2.745 1.3035433 2.785 1.3035433 0 P 0
L 2.745 1.3435433 2.785 1.3435433 0 P 0
L 2.75 0.64 2.75 0.68 0 P 0
L 2.75 0.64 2.79 0.64 0 P 0
L 2.75 0.68 2.79 0.68 0 P 0
L 2.7763669 0.5876383 2.7763669 0.6276383 0 P 0
L 2.7763669 0.5876383 2.8163669 0.5876383 0 P 0
L 2.7763669 0.6276383 2.8163669 0.6276383 0 P 0
L 2.785 1.3035433 2.785 1.3435433 0 P 0
L 2.79 0.64 2.79 0.68 0 P 0
L 2.79 0.8927172 2.79 0.9327172 0 P 0
L 2.79 0.8927172 2.83 0.8927172 0 P 0
L 2.79 0.9327172 2.83 0.9327172 0 P 0
L 2.79 0.9687014 2.79 1.0087014 0 P 0
L 2.79 0.9687014 2.83 0.9687014 0 P 0
L 2.79 1.0087014 2.83 1.0087014 0 P 0
L 2.79 1.0423235 2.79 1.0823235 0 P 0
L 2.79 1.0423235 2.83 1.0423235 0 P 0
L 2.79 1.0823235 2.83 1.0823235 0 P 0
L 2.8163669 0.5876383 2.8163669 0.6276383 0 P 0
L 2.83 0.8927172 2.83 0.9327172 0 P 0
L 2.83 0.9687014 2.83 1.0087014 0 P 0
L 2.83 1.0423235 2.83 1.0823235 0 P 0
L 2.84 0.215 2.84 0.255 0 P 0
L 2.84 0.215 2.88 0.215 0 P 0
L 2.84 0.255 2.88 0.255 0 P 0
L 2.84 1.27 2.84 1.31 0 P 0
L 2.84 1.27 2.88 1.27 0 P 0
L 2.84 1.31 2.88 1.31 0 P 0
L 2.87 0.9667723 2.87 1.0067723 0 P 0
L 2.87 0.9667723 2.91 0.9667723 0 P 0
L 2.87 1.0067723 2.91 1.0067723 0 P 0
L 2.87 1.04 2.87 1.08 0 P 0
L 2.87 1.04 2.91 1.04 0 P 0
L 2.87 1.08 2.91 1.08 0 P 0
L 2.8728937 0.8264377 2.8728937 0.8664377 0 P 0
L 2.8728937 0.8264377 2.9128937 0.8264377 0 P 0
L 2.8728937 0.8664377 2.9128937 0.8664377 0 P 0
L 2.88 0.215 2.88 0.255 0 P 0
L 2.88 1.27 2.88 1.31 0 P 0
L 2.8849959 0.9227172 2.8849959 0.9627172 0 P 0
L 2.8849959 0.9227172 2.9249959 0.9227172 0 P 0
L 2.8849959 0.9627172 2.9249959 0.9627172 0 P 0
L 2.885 0.0665753 2.885 0.1065753 0 P 0
L 2.885 0.0665753 2.925 0.0665753 0 P 0
L 2.885 0.1065753 2.925 0.1065753 0 P 0
L 2.91 0.9667723 2.91 1.0067723 0 P 0
L 2.91 1.04 2.91 1.08 0 P 0
L 2.9128937 0.8264377 2.9128937 0.8664377 0 P 0
L 2.9249959 0.9227172 2.9249959 0.9627172 0 P 0
L 2.925 0.0665753 2.925 0.1065753 0 P 0
L 2.9418235 0.865 2.9418235 0.905 0 P 0
L 2.9418235 0.865 2.9818235 0.865 0 P 0
L 2.9418235 0.905 2.9818235 0.905 0 P 0
L 2.9418235 0.9667723 2.9418235 1.0067723 0 P 0
L 2.9418235 0.9667723 2.9818235 0.9667723 0 P 0
L 2.9418235 1.0067723 2.9818235 1.0067723 0 P 0
L 2.96 0.13 2.96 0.17 0 P 0
L 2.96 0.13 3 0.13 0 P 0
L 2.96 0.17 3 0.17 0 P 0
L 2.97 1.65 2.97 1.69 0 P 0
L 2.97 1.65 3.01 1.65 0 P 0
L 2.97 1.69 3.01 1.69 0 P 0
L 2.9718194 1.595 2.9718194 1.635 0 P 0
L 2.9718194 1.595 3.0118194 1.595 0 P 0
L 2.9718194 1.635 3.0118194 1.635 0 P 0
L 2.9818235 0.865 2.9818235 0.905 0 P 0
L 2.9818235 0.9667723 2.9818235 1.0067723 0 P 0
L 3 0.13 3 0.17 0 P 0
L 3.01 1.65 3.01 1.69 0 P 0
L 3.0118194 1.595 3.0118194 1.635 0 P 0
L 3.0218194 0.2360635 3.0218194 0.2760635 0 P 0
L 3.0218194 0.2360635 3.0618194 0.2360635 0 P 0
L 3.0218194 0.2760635 3.0618194 0.2760635 0 P 0
L 3.0218194 1.2473975 3.0218194 1.2873975 0 P 0
L 3.0218194 1.2473975 3.0618194 1.2473975 0 P 0
L 3.0218194 1.2873975 3.0618194 1.2873975 0 P 0
L 3.0618194 0.2360635 3.0618194 0.2760635 0 P 0
L 3.0618194 1.2473975 3.0618194 1.2873975 0 P 0
L 3.0718193 1.45 3.0718193 1.49 0 P 0
L 3.0718193 1.45 3.1118193 1.45 0 P 0
L 3.0718193 1.49 3.1118193 1.49 0 P 0
L 3.0718194 0.1631806 3.0718194 0.2031806 0 P 0
L 3.0718194 0.1631806 3.1118194 0.1631806 0 P 0
L 3.0718194 0.2031806 3.1118194 0.2031806 0 P 0
L 3.1 1.52 3.1 1.56 0 P 0
L 3.1 1.52 3.14 1.52 0 P 0
L 3.1 1.56 3.14 1.56 0 P 0
L 3.11 0.935 3.11 0.975 0 P 0
L 3.11 0.935 3.15 0.935 0 P 0
L 3.11 0.975 3.15 0.975 0 P 0
L 3.1118193 1.45 3.1118193 1.49 0 P 0
L 3.1118194 0.1631806 3.1118194 0.2031806 0 P 0
L 3.1218194 0.12 3.1218194 0.16 0 P 0
L 3.1218194 0.12 3.1618194 0.12 0 P 0
L 3.1218194 0.16 3.1618194 0.16 0 P 0
L 3.1218194 0.555 3.1218194 0.595 0 P 0
L 3.1218194 0.555 3.1618194 0.555 0 P 0
L 3.1218194 0.595 3.1618194 0.595 0 P 0
L 3.14 1.52 3.14 1.56 0 P 0
L 3.15 0.935 3.15 0.975 0 P 0
L 3.16 1.56 3.16 1.6 0 P 0
L 3.16 1.56 3.2 1.56 0 P 0
L 3.16 1.6 3.2 1.6 0 P 0
L 3.1618194 0.12 3.1618194 0.16 0 P 0
L 3.1618194 0.555 3.1618194 0.595 0 P 0
L 3.1718194 0.1631806 3.1718194 0.2031806 0 P 0
L 3.1718194 0.1631806 3.2118194 0.1631806 0 P 0
L 3.1718194 0.2031806 3.2118194 0.2031806 0 P 0
L 3.1718194 0.4976776 3.1718194 0.5376776 0 P 0
L 3.1718194 0.4976776 3.2118194 0.4976776 0 P 0
L 3.1718194 0.5376776 3.2118194 0.5376776 0 P 0
L 3.2 1.56 3.2 1.6 0 P 0
L 3.21 0.865 3.21 0.905 0 P 0
L 3.21 0.865 3.25 0.865 0 P 0
L 3.21 0.905 3.25 0.905 0 P 0
L 3.2118194 0.1631806 3.2118194 0.2031806 0 P 0
L 3.2118194 0.4976776 3.2118194 0.5376776 0 P 0
L 3.2226068 0.2360635 3.2226068 0.2760635 0 P 0
L 3.2226068 0.2360635 3.2626068 0.2360635 0 P 0
L 3.2226068 0.2760635 3.2626068 0.2760635 0 P 0
L 3.2233942 0.4150005 3.2233942 0.4550005 0 P 0
L 3.2233942 0.4150005 3.2633942 0.4150005 0 P 0
L 3.2233942 0.4550005 3.2633942 0.4550005 0 P 0
L 3.2233942 0.4701186 3.2233942 0.5101186 0 P 0
L 3.2233942 0.4701186 3.2633942 0.4701186 0 P 0
L 3.2233942 0.5101186 3.2633942 0.5101186 0 P 0
L 3.2233942 0.5252367 3.2233942 0.5652367 0 P 0
L 3.2233942 0.5252367 3.2633942 0.5252367 0 P 0
L 3.2233942 0.5652367 3.2633942 0.5652367 0 P 0
L 3.2233942 0.5860635 3.2233942 0.6260635 0 P 0
L 3.2233942 0.5860635 3.2633942 0.5860635 0 P 0
L 3.2233942 0.6260635 3.2633942 0.6260635 0 P 0
L 3.2233942 0.675 3.2233942 0.715 0 P 0
L 3.2233942 0.675 3.2633942 0.675 0 P 0
L 3.2233942 0.715 3.2633942 0.715 0 P 0
L 3.23 1.45 3.23 1.49 0 P 0
L 3.23 1.45 3.27 1.45 0 P 0
L 3.23 1.49 3.27 1.49 0 P 0
L 3.25 0.865 3.25 0.905 0 P 0
L 3.2626068 0.2360635 3.2626068 0.2760635 0 P 0
L 3.2627643 0.3756304 3.2627643 0.4156304 0 P 0
L 3.2627643 0.3756304 3.3027643 0.3756304 0 P 0
L 3.2627643 0.4156304 3.3027643 0.4156304 0 P 0
L 3.2627643 0.5646068 3.2627643 0.6046068 0 P 0
L 3.2627643 0.5646068 3.3027643 0.5646068 0 P 0
L 3.2627643 0.6046068 3.3027643 0.6046068 0 P 0
L 3.2633942 0.4150005 3.2633942 0.4550005 0 P 0
L 3.2633942 0.4701186 3.2633942 0.5101186 0 P 0
L 3.2633942 0.5252367 3.2633942 0.5652367 0 P 0
L 3.2633942 0.5860635 3.2633942 0.6260635 0 P 0
L 3.2633942 0.675 3.2633942 0.715 0 P 0
L 3.27 1.45 3.27 1.49 0 P 0
L 3.2718194 1.11 3.2718194 1.15 0 P 0
L 3.2718194 1.11 3.3118194 1.11 0 P 0
L 3.2718194 1.15 3.3118194 1.15 0 P 0
L 3.2903233 0.4425595 3.2903233 0.4825595 0 P 0
L 3.2903233 0.4425595 3.3303233 0.4425595 0 P 0
L 3.2903233 0.4825595 3.3303233 0.4825595 0 P 0
L 3.2903233 0.4976777 3.2903233 0.5376777 0 P 0
L 3.2903233 0.4976777 3.3303233 0.4976777 0 P 0
L 3.2903233 0.5376777 3.3303233 0.5376777 0 P 0
L 3.295 1.48 3.295 1.52 0 P 0
L 3.295 1.48 3.335 1.48 0 P 0
L 3.295 1.52 3.335 1.52 0 P 0
L 3.3 0.17 3.3 0.21 0 P 0
L 3.3 0.17 3.34 0.17 0 P 0
L 3.3 0.21 3.34 0.21 0 P 0
L 3.3027643 0.3756304 3.3027643 0.4156304 0 P 0
L 3.3027643 0.5646068 3.3027643 0.6046068 0 P 0
L 3.3118194 1.11 3.3118194 1.15 0 P 0
L 3.3164242 0.5652427 3.3164242 0.6052427 0 P 0
L 3.3164242 0.5652427 3.3564242 0.5652427 0 P 0
L 3.3164242 0.6052427 3.3564242 0.6052427 0 P 0
L 3.3178824 0.3756304 3.3178824 0.4156304 0 P 0
L 3.3178824 0.3756304 3.3578824 0.3756304 0 P 0
L 3.3178824 0.4156304 3.3578824 0.4156304 0 P 0
L 3.3303233 0.4425595 3.3303233 0.4825595 0 P 0
L 3.3303233 0.4976777 3.3303233 0.5376777 0 P 0
L 3.335 0.8264377 3.335 0.8664377 0 P 0
L 3.335 0.8264377 3.375 0.8264377 0 P 0
L 3.335 0.8664377 3.375 0.8664377 0 P 0
L 3.335 1.4280786 3.335 1.4680786 0 P 0
L 3.335 1.4280786 3.375 1.4280786 0 P 0
L 3.335 1.4680786 3.375 1.4680786 0 P 0
L 3.335 1.48 3.335 1.52 0 P 0
L 3.34 0.17 3.34 0.21 0 P 0
L 3.345 0.645 3.345 0.685 0 P 0
L 3.345 0.645 3.385 0.645 0 P 0
L 3.345 0.685 3.385 0.685 0 P 0
L 3.3454415 0.4425595 3.3454415 0.4825595 0 P 0
L 3.3454415 0.4425595 3.3854415 0.4425595 0 P 0
L 3.3454415 0.4825595 3.3854415 0.4825595 0 P 0
L 3.3454415 0.4976777 3.3454415 0.5376777 0 P 0
L 3.3454415 0.4976777 3.3854415 0.4976777 0 P 0
L 3.3454415 0.5376777 3.3854415 0.5376777 0 P 0
L 3.3564242 0.5652427 3.3564242 0.6052427 0 P 0
L 3.3578824 0.3756304 3.3578824 0.4156304 0 P 0
L 3.3718194 0.2860635 3.3718194 0.3260635 0 P 0
L 3.3718194 0.2860635 3.4118194 0.2860635 0 P 0
L 3.3718194 0.3260635 3.4118194 0.3260635 0 P 0
L 3.3718194 0.5646068 3.3718194 0.6046068 0 P 0
L 3.3718194 0.5646068 3.4118194 0.5646068 0 P 0
L 3.3718194 0.6046068 3.4118194 0.6046068 0 P 0
L 3.3718194 1.5631806 3.3718194 1.6031806 0 P 0
L 3.3718194 1.5631806 3.4118194 1.5631806 0 P 0
L 3.3718194 1.6031806 3.4118194 1.6031806 0 P 0
L 3.3730005 0.3756304 3.3730005 0.4156304 0 P 0
L 3.3730005 0.3756304 3.4130005 0.3756304 0 P 0
L 3.3730005 0.4156304 3.4130005 0.4156304 0 P 0
L 3.375 0.8264377 3.375 0.8664377 0 P 0
L 3.375 1.4280786 3.375 1.4680786 0 P 0
L 3.385 0.645 3.385 0.685 0 P 0
L 3.3854415 0.4425595 3.3854415 0.4825595 0 P 0
L 3.3854415 0.4976777 3.3854415 0.5376777 0 P 0
L 3.4 0.9909843 3.4 1.0309843 0 P 0
L 3.4 0.9909843 3.44 0.9909843 0 P 0
L 3.4 1.0309843 3.44 1.0309843 0 P 0
L 3.4118194 0.2860635 3.4118194 0.3260635 0 P 0
L 3.4118194 0.5646068 3.4118194 0.6046068 0 P 0
L 3.4118194 1.5631806 3.4118194 1.6031806 0 P 0
L 3.4123706 0.4150005 3.4123706 0.4550005 0 P 0
L 3.4123706 0.4150005 3.4523706 0.4150005 0 P 0
L 3.4123706 0.4550005 3.4523706 0.4550005 0 P 0
L 3.4123706 0.4701186 3.4123706 0.5101186 0 P 0
L 3.4123706 0.4701186 3.4523706 0.4701186 0 P 0
L 3.4123706 0.5101186 3.4523706 0.5101186 0 P 0
L 3.4123706 0.5252367 3.4123706 0.5652367 0 P 0
L 3.4123706 0.5252367 3.4523706 0.5252367 0 P 0
L 3.4123706 0.5652367 3.4523706 0.5652367 0 P 0
L 3.4130005 0.3756304 3.4130005 0.4156304 0 P 0
L 3.4398194 0.61 3.4398194 0.65 0 P 0
L 3.4398194 0.61 3.4798194 0.61 0 P 0
L 3.4398194 0.65 3.4798194 0.65 0 P 0
L 3.44 0.9909843 3.44 1.0309843 0 P 0
L 3.441579 1.0747596 3.441579 1.1147596 0 P 0
L 3.441579 1.0747596 3.481579 1.0747596 0 P 0
L 3.441579 1.1147596 3.481579 1.1147596 0 P 0
L 3.4523706 0.4150005 3.4523706 0.4550005 0 P 0
L 3.4523706 0.4701186 3.4523706 0.5101186 0 P 0
L 3.4523706 0.5252367 3.4523706 0.5652367 0 P 0
L 3.46 1.3335433 3.46 1.3735433 0 P 0
L 3.46 1.3335433 3.5 1.3335433 0 P 0
L 3.46 1.3735433 3.5 1.3735433 0 P 0
L 3.4718194 0.19 3.4718194 0.23 0 P 0
L 3.4718194 0.19 3.5118194 0.19 0 P 0
L 3.4718194 0.23 3.5118194 0.23 0 P 0
L 3.4798194 0.61 3.4798194 0.65 0 P 0
L 3.4798194 0.9129921 3.4798194 0.9529921 0 P 0
L 3.4798194 0.9129921 3.5198194 0.9129921 0 P 0
L 3.4798194 0.9529921 3.5198194 0.9529921 0 P 0
L 3.4798194 1.04 3.4798194 1.08 0 P 0
L 3.4798194 1.04 3.5198194 1.04 0 P 0
L 3.4798194 1.08 3.5198194 1.08 0 P 0
L 3.481579 1.0747596 3.481579 1.1147596 0 P 0
L 3.5 1.3335433 3.5 1.3735433 0 P 0
L 3.51 0.6860635 3.51 0.7260635 0 P 0
L 3.51 0.6860635 3.55 0.6860635 0 P 0
L 3.51 0.7260635 3.55 0.7260635 0 P 0
L 3.5118194 0.19 3.5118194 0.23 0 P 0
L 3.5120866 1.7 3.5120866 1.74 0 P 0
L 3.5120866 1.7 3.5520866 1.7 0 P 0
L 3.5120866 1.74 3.5520866 1.74 0 P 0
L 3.5120866 1.85 3.5120866 1.89 0 P 0
L 3.5120866 1.85 3.5520866 1.85 0 P 0
L 3.5120866 1.89 3.5520866 1.89 0 P 0
L 3.5198194 0.9129921 3.5198194 0.9529921 0 P 0
L 3.5198194 1.04 3.5198194 1.08 0 P 0
L 3.53 1.58 3.53 1.62 0 P 0
L 3.53 1.58 3.57 1.58 0 P 0
L 3.53 1.62 3.57 1.62 0 P 0
L 3.545 0.3756304 3.545 0.4156304 0 P 0
L 3.545 0.3756304 3.585 0.3756304 0 P 0
L 3.545 0.4156304 3.585 0.4156304 0 P 0
L 3.55 0.6860635 3.55 0.7260635 0 P 0
L 3.5520866 1.7 3.5520866 1.74 0 P 0
L 3.5520866 1.85 3.5520866 1.89 0 P 0
L 3.57 1.58 3.57 1.62 0 P 0
L 3.5718194 0.9129921 3.5718194 0.9529921 0 P 0
L 3.5718194 0.9129921 3.6118194 0.9129921 0 P 0
L 3.5718194 0.9529921 3.6118194 0.9529921 0 P 0
L 3.5718194 1.04 3.5718194 1.08 0 P 0
L 3.5718194 1.04 3.6118194 1.04 0 P 0
L 3.5718194 1.08 3.6118194 1.08 0 P 0
L 3.585 0.3756304 3.585 0.4156304 0 P 0
L 3.5956777 1.6293223 3.5956777 1.6693223 0 P 0
L 3.5956777 1.6293223 3.6356777 1.6293223 0 P 0
L 3.5956777 1.6693223 3.6356777 1.6693223 0 P 0
L 3.605 0.22 3.605 0.26 0 P 0
L 3.605 0.22 3.645 0.22 0 P 0
L 3.605 0.26 3.645 0.26 0 P 0
L 3.6118194 0.9129921 3.6118194 0.9529921 0 P 0
L 3.6118194 1.04 3.6118194 1.08 0 P 0
L 3.6356777 1.6293223 3.6356777 1.6693223 0 P 0
L 3.645 0.22 3.645 0.26 0 P 0
L 3.665 0.9479921 3.665 0.9879921 0 P 0
L 3.665 0.9479921 3.705 0.9479921 0 P 0
L 3.665 0.9879921 3.705 0.9879921 0 P 0
L 3.665 1.075 3.665 1.115 0 P 0
L 3.665 1.075 3.705 1.075 0 P 0
L 3.665 1.115 3.705 1.115 0 P 0
L 3.705 0.9479921 3.705 0.9879921 0 P 0
L 3.705 1.075 3.705 1.115 0 P 0
L 3.7500005 1.7570005 3.7600005 1.7570005 0 P 0
L 3.7500005 1.7570005 3.7600005 1.7670005 0 P 0
L 3.7500005 1.7770005 3.7600005 1.7670005 0 P 0
L 3.7500005 1.7770005 3.7600005 1.7770005 0 P 0
L 3.7569995 0.9479921 3.7569995 0.9879921 0 P 0
L 3.7569995 0.9479921 3.7969995 0.9479921 0 P 0
L 3.7569995 0.9879921 3.7969995 0.9879921 0 P 0
L 3.7569995 1.075 3.7569995 1.115 0 P 0
L 3.7569995 1.075 3.7969995 1.075 0 P 0
L 3.7569995 1.115 3.7969995 1.115 0 P 0
L 3.7569995 1.1885433 3.7769995 1.1485433 0 P 0
L 3.7569995 1.1885433 3.7969995 1.1885433 0 P 0
L 3.7569995 1.2885433 3.7769995 1.2485433 0 P 0
L 3.7569995 1.2885433 3.7969995 1.2885433 0 P 0
L 3.7569995 1.3885433 3.7769995 1.3485433 0 P 0
L 3.7569995 1.3885433 3.7969995 1.3885433 0 P 0
L 3.7569995 1.4885433 3.7769995 1.4485433 0 P 0
L 3.7569995 1.4885433 3.7969995 1.4885433 0 P 0
L 3.7569995 1.5885433 3.7769995 1.5485433 0 P 0
L 3.7569995 1.5885433 3.7969995 1.5885433 0 P 0
L 3.7580005 1.7610005 3.7640005 1.7610005 0 P 0
L 3.7580005 1.7610005 3.7640005 1.7670005 0 P 0
L 3.7580005 1.7730005 3.7640005 1.7670005 0 P 0
L 3.7580005 1.7730005 3.7640005 1.7730005 0 P 0
L 3.7600005 1.7570005 3.7700005 1.7470005 0 P 0
L 3.7600005 1.7770005 3.7700005 1.7870005 0 P 0
L 3.7640005 1.7610005 3.7700005 1.7550005 0 P 0
L 3.7640005 1.7730005 3.7700005 1.7790005 0 P 0
L 3.7649995 1.1805433 3.7769995 1.1565433 0 P 0
L 3.7649995 1.1805433 3.7889995 1.1805433 0 P 0
L 3.7649995 1.2805433 3.7769995 1.2565433 0 P 0
L 3.7649995 1.2805433 3.7889995 1.2805433 0 P 0
L 3.7649995 1.3805433 3.7769995 1.3565433 0 P 0
L 3.7649995 1.3805433 3.7889995 1.3805433 0 P 0
L 3.7649995 1.4805433 3.7769995 1.4565433 0 P 0
L 3.7649995 1.4805433 3.7889995 1.4805433 0 P 0
L 3.7649995 1.5805433 3.7769995 1.5565433 0 P 0
L 3.7649995 1.5805433 3.7889995 1.5805433 0 P 0
L 3.7700005 1.7470005 3.7800005 1.7570005 0 P 0
L 3.7700005 1.7550005 3.7760005 1.7610005 0 P 0
L 3.7700005 1.7790005 3.7760005 1.7730005 0 P 0
L 3.7700005 1.7870005 3.7800005 1.7770005 0 P 0
L 3.7760005 1.7610005 3.7820005 1.7610005 0 P 0
L 3.7760005 1.7670005 3.7820005 1.7610005 0 P 0
L 3.7760005 1.7670005 3.7820005 1.7730005 0 P 0
L 3.7760005 1.7730005 3.7820005 1.7730005 0 P 0
L 3.7769995 1.1485433 3.7969995 1.1885433 0 P 0
L 3.7769995 1.1565433 3.7889995 1.1805433 0 P 0
L 3.7769995 1.2485433 3.7969995 1.2885433 0 P 0
L 3.7769995 1.2565433 3.7889995 1.2805433 0 P 0
L 3.7769995 1.3485433 3.7969995 1.3885433 0 P 0
L 3.7769995 1.3565433 3.7889995 1.3805433 0 P 0
L 3.7769995 1.4485433 3.7969995 1.4885433 0 P 0
L 3.7769995 1.4565433 3.7889995 1.4805433 0 P 0
L 3.7769995 1.5485433 3.7969995 1.5885433 0 P 0
L 3.7769995 1.5565433 3.7889995 1.5805433 0 P 0
L 3.7800005 1.7570005 3.7900005 1.7570005 0 P 0
L 3.7800005 1.7670005 3.7900005 1.7570005 0 P 0
L 3.7800005 1.7670005 3.7900005 1.7770005 0 P 0
L 3.7800005 1.7770005 3.7900005 1.7770005 0 P 0
L 3.7969995 0.9479921 3.7969995 0.9879921 0 P 0
L 3.7969995 1.075 3.7969995 1.115 0 P 0
